5772.26
187.93
5624.68
2114.03
6775.77
7174.91
8497.60
86.44
18.74
1496.67
1502.02
328.02
1418.13
6313.45
405.05
1946.37
2205.13
5069.63
1154.00
7205.71
1339.08
1462.35
5514.33
1915.60
7584.90
1634.09
1250.21
5581.56
765.62
1744.08
1643.03
3492.23
8771.82
6533.30
4231.43
163.02
1757.65
3534.85
9013.08
3865.53
1018.70
426.61
1650.52
1212.23
4480.55
6303.43
1076.72
1249.79
431.07
8654.94
3789.84
1756.32
3547.19
9237.02
6232.83
1087.27
1853.22
1351.41
5156.45
2293.13
1435.24
146.07
1532.83
2265.15
5606.46
3997.81
1580.05
9075.86
1205.22
706.03
368.63
3720.13
1986.57
1431.76
1297.69
7576.96
5572.57
1873.43
4008.81
2714.66
8573.69
4585.55
3894.33
1219.66
1508.67
3429.70
4168.44
2976.36
6487.38
1469.35
3490.95
8729.79
4516.07
1062.83
1806.04
7195.92
6215.37
7505.74
865.74
1039.35
9869.94
2810.01
13.74
9047.27
2872.95
2717.23
2639.77
6164.95
4544.29
2735.25
2224.36
8773.16
5593.25
2505.52
1517.03
1984.53
1131.88
3678.78
6549.33
1311.56
2703.42
8795.30
1378.98
6767.33
5603.25
4778.56
4372.03
1026.93
6903.23
3653.15
451.84
4243.39
913.94
668.35
260.81
389.08
7119.04
1165.25
2956.03
9788.38
3055.98
1822.22
5709.44
4843.73
1984.53
4115.45
1847.58
2488.34
3320.54
1537.08
3749.28
1249.14
4859.43
8589.25
4087.87
1840.30
1205.00
9974.03
3699.25
1428.99
3205.29
5449.14
7142.14
3100.13
8512.80
4891.09
6584.96
4008.20
8975.97
177.65
5155.30
1102.78
2390.19
2491.33
2925.44
803.64
5961.11
820.42
5898.92
1419.45
1684.00
1787.60
2498.78
3283.42
5745.81
1254.17
5516.31
1509.25
8475.55
1511.33
1926.26
5009.51
9053.78
3272.13
8971.47
1009.41
5939.22
194.84
2382.70
3299.82
2029.64
8874.05
1744.15
1042.95
8621.93
9053.45
7827.46
2578.02
2865.84
1001.70
6765.60
1652.47
2727.75
4527.80
1373.79
513.58
8155.01
5362.80
8120.66
3500.03
184.18
4570.18
5879.56
9666.80
7482.53
2949.19
132.20
9074.87
5276.01
7426.10
2947.57
1453.04
2276.27
8805.27
6123.79
7656.46
7082.32
2785.63
473.67
3559.17
1768.07
7824.95
7093.59
5782.61
7485.69
1921.94
1323.04
1237.08
2177.63
2299.87
5433.43
2086.89
1172.83
5012.08
7266.48
1090.70
5335.93
3517.13
1276.95
2501.71
423.61
9359.74
9566.03
1233.54
422.41
2480.47
6636.54
591.86
3957.15
5775.30
1457.97
4686.95
6950.83
4186.10
4848.05
1217.35
351.49
2618.26
2830.14
2114.60
510.92
2933.40
2810.18
6604.03
4639.16
1336.96
5806.02
1611.95
8674.48
1656.82
5854.56
1651.69
3382.39
5612.15
8393.41
4060.56
4573.68
1887.82
8190.28
6106.87
1312.82
1552.10
6239.34
1471.45
4759.93
5257.15
5861.21
1825.84
3596.71
4949.79
3970.67
1956.20
1258.81
938.81
160.77
8859.97
7904.74
221.32
1050.68
479.64
8655.72
1589.91
1613.14
5163.50
8881.01
2477.48
1721.00
1037.28
5925.33
1552.72
138.15
1566.46
1246.73
7941.00
174.82
1011.99
3329.59
6777.91
1756.03
3035.17
1483.06
8031.38
434.31
1468.79
391.25
9156.25
2163.70
472.22
3817.12
1318.48
1798.42
7207.38
8337.16
4613.89
1807.56
2968.85
1317.56
8198.27
2815.23
2193.78
524.08
1308.69
2348.70
4408.68
581.00
2045.96
1036.56
1633.14
1088.27
3737.84
1382.72
8097.44
2431.32
4390.95
2177.87
2622.55
1793.20
1890.83
3767.66
3662.91
2382.35
5989.01
191.83
3967.14
428.54
1897.42
3162.33
4641.34
685.90
4119.95
9825.15
4945.63
1694.36
1448.06
6101.31
5266.26
907.83
8889.01
2361.64
9995.43
6372.85
2917.44
2610.56
5911.30
2957.53
7285.28
8196.72
2212.73
9857.91
3079.41
7800.17
936.88
2223.74
4322.47
8652.92
6247.80
1433.90
8308.09
8351.81
4998.43
2467.00
6821.32
4794.34
2694.37
6033.74
1384.01
7147.49
1462.59
5645.56
6161.90
2370.11
4035.65
6885.69
1721.79
2669.66
2272.03
5053.99
1016.51
3426.62
1905.07
4997.02
6780.56
6675.99
8491.61
8188.15
1328.81
5027.62
2206.90
2409.44
1194.43
4190.24
2141.93
1900.58
178.34
1078.37
6124.23
3240.09
271.02
9688.00
2053.63
9496.38
3491.66
1633.54
1949.54
1391.77
5213.27
1655.05
188.35
2429.59
9066.04
4701.97
6048.05
1004.09
1228.05
630.31
6095.78
1349.82
7975.32
1460.78
1498.79
1795.55
5024.44
9558.02
1137.47
3133.40
9055.21
140.06
3290.82
1122.26
9774.91
6903.07
1813.60
3059.04
3208.71
4975.64
5405.00
1127.75
2313.66
3257.10
8247.24
1273.32
1242.26
2390.78
4514.56
3280.39
4374.90
617.60
4159.81
4431.89
5072.30
7356.40
3968.12
1858.43
1484.22
3179.07
1724.02
2770.69
9723.25
3364.13
9177.79
2388.51
1480.92
5670.99
9126.21
1452.24
3674.51
1794.92
1769.91
706.89
9855.91
7679.64
1683.91
8062.03
2330.54
1798.64
7358.59
579.22
1580.52
6751.65
1122.05
1554.21
2591.40
1932.50
1359.00
4985.25
4748.72
1730.22
4896.16
2505.32
5255.28
2139.22
9053.41
5298.94
3851.45
8724.10
1076.15
1835.41
7180.59
3069.95
1114.15
1118.95
8180.69
7479.27
1923.12
1975.72
2753.39
9691.51
4132.32
187.60
4229.26
1530.01
1150.81
35.52
9112.64
2842.06
2257.74
4130.77
1411.81
1167.42
593.84
3345.57
2184.91
5663.66
4568.64
2522.09
9015.32
583.09
3436.53
7905.04
4385.49
2437.81
4169.96
4256.08
6753.72
6468.37
2598.00
2736.20
8167.11
1416.15
4245.87
6022.87
6236.93
3399.84
3038.70
9826.43
8487.85
6206.20
369.24
1136.70
6259.46
1462.30
2366.02
6320.71
4928.38
7366.10
3173.48
1202.68
1766.44
1187.49
5522.93
889.34
179.64
1646.65
9581.95
5539.23
492.21
172.50
6511.54
1272.59
4901.20
5562.68
1429.48
1589.28
2768.44
4365.55
396.24
2472.71
1505.80
5447.08
1493.80
1654.15
5010.34
8976.71
7490.70
4418.58
2672.25
3377.76
1715.36
9509.64
1022.02
1599.49
1811.09
5718.33
7717.52
1458.64
4463.49
5141.82
1567.64
3868.78
1395.48
1362.94
324.75
167.90
2934.97
1516.34
3871.55
1441.94
2570.67
1783.51
9841.36
2346.28
1516.08
1706.78
3598.40
110.36
1935.98
4798.40
7527.68
2804.04
5298.77
8975.87
2110.21
1711.51
5821.96
104.25
2034.56
1822.32
851.00
1614.60
5517.58
5433.21
1350.14
1152.74
3536.06
2557.85
8589.70
9824.83
3410.86
5278.89
9080.31
1291.12
8042.10
7127.23
1265.98
8112.78
69.78
161.99
1249.83
8774.97
3094.30
4791.88
1107.20
5984.74
8716.52
9572.73
9707.79
8498.82
289.95
6836.67
3453.78
1981.68
5577.78
5296.84
5871.34
4691.41
201.85
3384.53
5581.31
2709.49
6767.57
3660.02
4627.33
365.91
5270.91
2684.16
1563.38
2969.36
1995.46
5543.18
2501.31
286.46
2414.95
4842.79
2021.73
7046.04
1179.19
4977.84
9180.03
5492.85
1733.29
5555.68
4405.75
6946.93
3259.46
239.38
9219.32
1598.75
3382.87
3590.73
1323.81
832.35
2697.60
176.36
3151.74
2978.50
5034.45
2036.73
1735.98
1214.00
5375.34
7007.71
1564.08
55.97
1466.59
8071.38
1355.12
9464.68
4409.14
1240.48
196.21
1267.81
2884.79
6516.04
6755.60
195.59
1175.26
9420.62
4654.09
5813.40
245.40
2839.17
3072.77
1059.22
1947.59
5081.60
407.01
4301.71
3604.86
3236.48
7975.87
2408.03
3607.96
2437.22
3920.04
2944.60
8433.76
1035.20
157.04
378.27
2290.10
1305.51
1964.34
2115.73
1679.84
3921.59
5843.91
4814.62
3871.32
203.14
6423.51
6037.80
1546.60
4081.30
2412.70
3125.22
6516.48
1558.83
2182.13
1410.72
1420.58
2147.21
4.92
3762.70
1841.47
1664.08
5701.35
251.34
4820.03
1137.86
4551.73
9879.78
3861.98
1870.77
1433.56
4513.06
750.40
529.97
7974.75
2699.10
1061.77
4266.18
7056.96
8738.10
1018.58
1115.47
8994.80
2064.54
5555.76
1828.33
5258.40
3620.08
1296.77
2784.46
8946.35
3740.30
3105.22
1130.45
2006.72
1816.72
4457.73
3283.15
3246.01
1900.93
1005.41
5737.69
7672.77
5492.33
1684.97
7199.21
1793.77
5481.12
5036.67
1581.12
540.86
114.31
2258.46
9884.61
1589.90
1590.55
3081.38
8823.97
4432.71
5947.47
3389.68
186.81
6243.28
2112.13
6565.14
203.96
7911.08
9787.08
1697.81
3391.27
7284.72
5447.85
232.79
7996.93
2589.62
2664.46
1504.75
2351.11
1262.09
5885.43
3328.22
4346.23
1817.47
4485.07
3183.87
5353.75
1560.64
1132.65
1287.60
2324.62
2802.33
1448.30
1384.76
8449.37
3175.70
315.62
5363.67
1053.66
2596.42
1081.08
8523.55
6944.66
2977.81
1138.93
6739.37
2707.41
7625.29
6636.98
3530.56
284.73
5598.40
3149.69
2121.48
310.55
1305.51
1171.98
1209.50
7536.44
2851.85
2886.81
9220.96
1392.61
1952.06
4780.54
1942.66
2788.25
2364.19
5019.35
4413.80
7266.83
1804.80
8737.48
80.79
1012.72
2828.69
8581.68
2848.14
4107.33
2592.78
3511.14
3657.26
5204.27
4152.61
2934.91
286.95
4409.67
30.55
7916.47
6624.17
1900.63
4352.77
3433.54
1477.86
6985.78
220.90
1838.37
3657.71
1169.02
513.90
2051.35
4503.54
4948.84
1220.52
5302.74
2710.53
9256.36
549.39
1157.35
5960.17
6987.29
3060.34
2970.55
1742.65
2634.80
8310.03
3176.55
5227.63
5280.88
3641.94
982.51
1822.16
4926.49
3945.44
1063.86
71.68
3042.10
2556.90
5175.38
5847.13
1899.20
1366.66
9121.47
3292.43
3794.00
2482.74
5951.32
6321.74
1627.67
6918.34
4744.36
3965.66
1280.77
4845.31
4161.02
3017.93
2533.85
1522.72
4951.15
104.20
1833.28
2694.43
7969.58
2433.99
5334.00
4636.34
3852.01
9921.47
5016.52
1072.47
1890.06
2657.15
8220.85
1786.60
9873.82
7918.57
2482.44
3921.21
1650.40
2929.51
7330.43
4249.48
1097.32
2260.28
3707.83
1845.67
4220.86
2651.07
1424.26
2979.40
5241.89
7631.73
4561.94
266.63
5342.95
6509.72
3087.07
4030.71
1608.55
7901.12
4734.83
1900.32
1746.50
2718.63
2877.40
2163.78
1217.23
4971.33
2126.05
1241.03
3307.81
199.89
8747.08
8059.24
3357.89
7563.83
5643.14
9665.22
3270.38
1406.82
357.38
1485.92
6429.58
2468.61
1387.08
5062.62
9089.56
1543.80
1132.65
4336.74
3309.52
5212.18
2160.56
332.47
2740.15
7151.10
4240.26
6866.14
3130.08
7810.43
1455.85
1624.65
1325.45
1333.75
5546.93
2118.74
1555.46
3198.64
5592.55
2842.82
288.83
2654.39
1220.62
5269.58
4413.43
3272.77
1953.44
531.52
1318.58
1362.13
2231.77
2186.26
8620.48
1255.69
3264.28
4933.40
2477.23
3558.93
2918.25
7229.21
14.19
4918.97
5199.97
8069.42
4670.70
4398.86
3025.14
1348.27
2386.89
2187.68
1888.80
3622.49
5661.59
1148.06
1213.99
5786.51
7503.09
1725.80
1911.19
5431.96
3326.93
7612.07
5036.44
2457.73
3589.55
5533.49
2149.73
9097.88
4349.32
2655.60
9523.58
7518.30
779.90
2364.03
6415.66
2693.65
277.64
4969.57
1105.66
1908.35
4390.84
3180.82
4613.47
5258.27
3720.98
6197.57
1529.73
3790.24
3946.89
6765.31
2096.90
5417.46
5012.66
2381.38
1226.02
2584.04
9067.12
3988.45
7534.25
6327.29
118.63
3321.99
3828.54
9204.72
3529.56
1988.49
1265.82
2413.87
1704.03
9650.73
1677.58
1373.24
6462.91
1570.34
5512.66
2153.41
5338.12
4573.33
1342.50
7136.47
1267.35
1951.71
2034.42
3166.92
8.74
3503.11
2479.51
1496.61
8382.26
1820.44
9023.81
1202.27
7001.92
7191.94
4739.60
4125.23
2791.20
3287.39
6931.52
2157.36
9329.37
1095.49
8234.53
2106.64
7059.84
2886.26
1973.64
1144.18
9680.25
9998.65
1167.90
1848.43
4336.15
3916.31
1498.17
4668.24
1663.23
1873.74
2752.02
6426.82
1035.21
2703.76
8506.66
6719.05
1683.61
3673.58
850.43
5883.30
9292.57
1077.51
137.22
2664.37
441.22
3612.93
1039.35
5255.62
3312.09
4132.24
1692.18
4225.96
1187.94
2952.21
3985.96
243.98
986.72
2572.51
3139.13
7357.37
1265.86
6324.15
3135.72
3787.37
4293.15
3690.37
958.98
8148.28
678.70
1942.13
1841.16
8981.34
253.60
1761.29
2045.56
2131.07
1961.23
2.76
5215.82
4678.86
4474.21
3656.41
5986.08
2572.78
1379.17
3075.34
7250.99
3560.87
43.22
2369.77
7844.85
5324.35
1470.67
9322.70
8868.77
4826.09
7679.11
2059.94
156.38
318.31
2638.83
467.06
3727.91
5066.28
5220.02
1646.41
2672.87
2990.39
5947.62
1624.35
2402.46
8129.16
1580.75
2267.74
3030.57
866.89
3544.31
4215.44
234.86
1286.78
9625.47
174.48
4613.06
1504.05
1239.10
8504.79
5158.74
317.49
9728.08
3473.88
1666.41
1653.63
6269.45
4898.61
7247.17
7764.35
2483.93
4677.71
1367.10
1343.35
1035.77
2200.71
445.92
1991.21
1228.79
949.12
372.78
9228.04
2428.42
5225.52
2761.86
8339.75
1582.99
9262.41
3520.16
3348.82
8736.04
1932.90
2821.21
1574.46
1476.81
3713.24
1501.00
5607.07
4938.76
505.37
9864.96
5187.72
1928.79
2698.83
1201.14
1837.91
1397.32
397.09
2632.33
2707.93
2424.03
5592.22
2669.38
1527.06
8567.49
3800.36
631.58
9289.68
1089.89
1778.67
1040.21
9750.40
8170.45
936.86
2001.39
3918.88
2094.33
275.89
6750.07
4822.92
3739.80
5294.04
704.57
5303.98
3760.16
9696.80
3721.41
2052.74
5641.81
2613.47
3248.10
4703.40
1644.62
4036.34
4165.30
555.09
1518.24
1396.22
248.56
8162.88
1642.69
452.12
6085.86
7966.21
7262.58
1091.72
2780.28
3974.31
4265.14
1180.46
2080.40
4681.01
4778.74
4605.12
2095.91
201.47
7819.58
1677.98
3091.44
6124.69
6908.04
6438.55
4642.93
7019.69
7110.42
8840.21
391.11
3936.48
3048.76
340.11
6968.13
8686.47
5127.56
2473.60
7795.19
3164.03
2368.45
3978.37
6895.90
18.75
3813.04
7134.27
6028.04
8834.11
1262.61
5338.38
1260.67
3497.69
2823.58
1916.08
9634.54
8839.20
2572.07
5840.16
8748.05
4833.25
1244.91
1528.72
3841.92
2574.96
1970.17
2786.17
9112.15
6628.00
5968.39
1892.52
243.68
5492.69
1865.06
2764.99
131.07
7040.61
2237.09
1715.12
1906.74
2143.31
5905.03
8469.77
9634.48
7694.43
8093.84
2500.90
2805.94
1915.22
1145.29
1098.53
3065.29
1270.73
9997.49
3086.26
2566.75
9243.63
5795.32
2842.92
4559.93
8428.01
5963.66
4358.69
2456.30
1444.47
1226.23
3553.40
3437.58
1419.47
1825.87
5931.58
6842.48
1900.24
7776.83
1042.13
5394.92
190.45
5887.21
4762.11
2828.71
8875.50
1116.38
9904.64
3789.90
1197.65
9534.37
1818.39
1723.30
2516.43
1402.68
3875.66
862.69
1813.86
8095.10
8164.51
9674.45
8371.88
1760.00
3293.81
2199.13
5253.55
2651.96
1531.54
2663.55
5449.56
4011.94
4396.81
2624.92
4171.84
5313.64
257.53
1634.57
4980.44
7511.73
1496.15
7155.40
5290.80
2550.84
4032.17
234.50
8093.40
5284.39
3941.04
9726.36
4837.85
5916.64
2999.10
1698.97
1037.88
3818.70
5626.55
4891.63
2176.94
1032.63
2737.33
1753.05
196.98
189.60
3141.65
4914.06
7108.48
7549.98
7015.44
1289.12
4576.30
9764.58
508.79
1611.60
1105.09
8105.75
1128.83
1065.27
703.50
2986.97
7850.94
37.52
4842.13
4965.51
3255.90
1776.89
1012.43
5694.03
1168.90
9032.27
1227.17
3326.34
3772.86
1892.31
5160.99
6428.73
7404.09
1756.18
4210.50
7414.33
362.13
691.16
2657.58
2095.71
3227.14
146.59
2595.39
3814.39
312.70
8380.17
7074.92
3438.86
2415.10
884.25
316.00
1508.26
6184.63
4524.49
2782.85
8772.11
6742.23
8661.34
5556.67
6423.38
9533.57
1780.49
6053.77
3710.99
2175.75
5173.42
1403.23
6264.35
4214.62
2815.01
5683.84
5681.48
5771.67
2916.93
1.62
2197.88
2882.69
8067.15
3317.10
6805.16
7758.67
9892.28
1601.39
599.76
3011.26
1771.63
8633.00
1595.05
7831.01
2324.97
128.70
3389.04
3682.59
1392.24
4471.93
3911.47
4182.59
5005.25
5180.27
1736.00
7039.55
675.03
3022.10
2828.67
3070.13
1415.74
7561.84
3721.22
1521.12
2944.07
1705.91
8561.60
6230.52
1257.18
1294.47
2867.79
5936.34
1075.00
9533.25
1479.17
5827.98
1597.02
9904.82
2297.80
3978.81
1838.83
9388.86
8468.02
9460.63
1652.68
4024.05
8919.92
1700.17
1801.03
5164.07
1713.66
9405.07
244.95
9646.96
1181.66
5198.04
3958.78
6367.98
4698.50
3276.05
5686.90
9636.47
3805.86
911.93
3158.84
1368.34
7903.81
3644.76
5594.75
2846.87
5284.55
251.34
6591.71
3839.09
7226.17
4188.34
127.19
2983.67
4978.52
6490.56
3466.78
1607.41
5975.84
9344.97
1475.14
5697.52
1709.02
4999.42
1731.57
3880.91
2453.62
4569.82
3539.63
1597.25
8087.99
394.57
661.69
4586.77
8781.13
3242.23
4771.36
4998.99
6094.07
6915.59
7812.46
6347.06
7846.95
1662.98
3440.26
7358.55
1478.69
1419.51
3986.15
6053.31
964.08
7569.22
3389.90
1831.76
1675.50
4874.41
7506.00
8046.81
4831.39
1889.88
5491.44
2078.07
1788.02
4668.88
2968.46
2684.85
1072.22
9821.31
4510.34
3650.43
7862.44
1016.47
6484.02
1654.46
1302.19
3897.17
4315.78
1107.13
5920.32
1791.31
3232.63
2654.42
1558.47
1075.70
468.81
2334.23
1939.88
9808.52
1357.47
7557.45
772.73
4657.68
2668.12
3548.59
9338.75
1937.26
116.13
2683.82
8117.65
4487.15
8302.14
3835.85
4968.45
135.46
1711.09
1045.88
4014.57
7945.12
4598.14
3859.70
2779.75
9628.53
6287.40
2915.83
6936.54
3778.17
5241.46
203.42
2295.25
5353.70
4814.12
4883.61
1859.58
4789.02
2879.48
7117.88
2733.30
2262.07
9719.32
96.98
3826.09
4753.43
2926.75
2256.15
1550.60
4232.82
8930.92
1004.18
2075.47
4328.14
7235.89
6726.00
1112.35
4362.42
2532.03
1534.94
5208.06
1253.76
1754.74
2656.54
2901.97
1671.24
4311.07
1341.78
3161.78
1141.02
2033.33
8774.47
1648.03
1917.83
4125.81
4214.80
5955.22
5137.68
2951.04
2231.87
123.61
9836.22
1075.43
1601.47
4044.21
8684.32
6886.14
1288.68
1176.47
2500.26
4485.34
9288.17
4449.38
1146.14
4399.73
7483.81
8680.94
3020.48
3354.15
1588.20
1564.82
1596.04
3542.74
1930.51
3923.40
4249.45
1594.41
1103.70
3451.92
5846.45
2798.05
17.97
6518.63
1115.37
5619.47
4749.16
9732.42
5914.64
4435.91
392.72
1813.44
8884.73
4508.49
1486.78
6646.17
1769.56
3146.66
1818.92
2474.65
8356.20
2895.49
9397.15
2666.48
1549.24
9811.84
2543.15
3616.05
5197.66
4642.03
5660.23
8382.31
492.37
5159.34
9601.73
4280.06
4767.30
5910.69
2247.53
159.79
2613.09
2478.77
2060.23
4473.76
4872.92
2099.20
4649.30
904.42
1930.23
7504.25
1639.89
1270.96
7432.90
8442.69
9351.44
3567.45
1916.76
6951.97
2401.95
1855.54
4204.89
5401.99
5742.62
2711.84
9962.04
8233.32
2850.30
1311.90
1215.02
2221.55
287.43
2885.37
1259.34
5713.64
8314.66
5487.54
9483.38
3377.66
392.75
5435.10
2878.29
7581.04
2611.70
1035.84
3322.44
3497.03
2969.55
171.20
525.27
1684.42
5597.52
6071.87
3667.20
1889.90
4224.32
5918.51
7542.85
1366.49
2856.73
1191.24
5075.78
1080.43
2753.75
93.64
2319.02
2350.54
8654.96
1342.50
2465.29
1274.80
1364.88
1706.08
1325.26
2088.76
4023.22
1894.02
1066.96
4812.75
3752.25
1271.81
2375.81
3451.28
9854.07
2864.61
8008.98
6681.79
1060.26
5132.77
4619.46
969.68
515.44
4842.57
5317.81
8866.40
1437.27
1887.56
367.55
2945.55
2546.24
1398.93
6716.59
1230.53
9220.73
242.22
1583.01
6419.32
1623.71
1238.76
2.21
3363.13
4981.73
2942.34
2401.36
505.49
141.68
1096.73
1371.59
4977.50
9341.78
4381.13
4729.91
8770.47
1649.00
1471.70
5597.42
1408.93
1230.21
8109.99
4781.04
1809.09
163.35
8047.36
1903.37
9987.39
4475.72
1972.97
1675.54
2121.48
8906.90
5622.72
1644.96
1560.27
459.93
1821.55
192.64
3393.16
6304.38
1286.01
4467.93
8849.53
2676.12
4249.59
5003.16
1204.56
7054.71
8535.01
3298.98
1817.88
1860.97
2732.39
3583.04
2695.47
4613.10
5832.45
5544.28
2855.84
2604.46
2028.31
2717.70
5433.93
843.94
2877.33
1685.09
1451.30
7709.84
8417.63
6487.74
3374.31
6710.33
4961.96
1818.73
2019.91
7417.55
1602.99
4568.28
1390.05
3204.62
4428.64
7469.62
5187.93
3306.21
295.50
3280.47
1837.36
2221.62
2692.94
2815.52
1898.79
2405.69
2911.65
1783.30
7707.68
2677.93
4490.15
1250.38
439.91
266.13
1893.11
2879.21
9213.38
1861.51
2675.93
1890.08
164.93
7857.94
1696.02
7630.68
8856.55
3562.09
5823.68
7197.38
1818.95
178.00
1436.36
1895.13
9149.14
2652.07
3237.55
1886.80
8585.35
2423.37
5576.14
6.76
3544.96
9045.84
1880.26
5372.60
1955.82
3480.40
1199.26
3477.25
4426.09
7036.64
970.44
5358.28
1773.60
3400.69
5313.70
2080.86
6574.02
7201.91
7329.87
5839.14
9542.65
2005.55
4971.09
5430.78
102.46
5021.64
9213.13
4204.96
6083.28
1302.30
9936.10
5460.75
1686.25
8791.77
8576.47
1532.22
3188.32
4468.55
9401.27
100.95
1358.26
1854.38
1252.17
6838.76
2491.10
7304.92
1597.86
8002.29
3091.61
1371.56
8130.64
76.92
1803.08
2980.61
27.24
1631.01
4348.41
2576.07
2538.11
1543.53
3516.35
2334.21
5109.11
556.22
9894.43
5138.28
1853.61
3305.87
6780.52
9954.85
7007.05
3408.77
3927.21
444.96
2958.82
2332.85
4869.20
2156.24
1922.73
267.32
1531.53
6306.93
7787.06
1596.95
2653.29
3495.98
2064.25
4349.58
6941.01
6967.12
2809.44
2746.03
8428.68
2043.28
2105.32
3369.07
2387.61
2228.81
1372.81
9348.28
7059.96
8280.72
7551.56
1267.67
5693.55
6531.25
1654.31
153.46
1657.27
1292.82
6279.21
802.74
157.68
9729.55
5446.81
3211.18
2486.41
7287.08
1346.39
2603.33
1003.04
2255.40
8798.99
1136.74
3440.97
9717.21
6269.80
9628.29
2631.12
1722.16
4745.12
2486.60
5370.51
4131.88
8401.72
1835.43
2628.46
100.25
1690.52
5802.60
5631.53
5637.48
3300.61
1220.31
1181.58
1250.76
1250.91
7093.08
1927.00
2913.91
234.54
5199.50
2874.46
3141.11
3744.96
1859.38
6698.95
1095.74
296.67
3713.65
2653.44
6620.15
1584.32
5357.25
3408.40
1467.75
4744.08
3815.99
1593.57
6143.38
1680.58
3066.32
1609.19
5780.60
1755.25
5654.38
162.86
7428.69
3244.64
1207.71
5643.62
4699.04
3176.95
9132.71
2690.65
2665.82
3848.38
7113.55
4374.66
1183.74
2753.02
5791.96
1931.46
1971.34
8670.82
5258.74
2113.96
2180.02
2376.59
9005.29
9741.77
1538.98
3526.54
2699.97
9037.55
2636.96
8028.54
1682.16
3240.25
2761.73
9525.79
7014.10
1602.06
4325.73
1807.44
4769.26
5426.15
1196.85
3363.99
2262.84
8580.19
2469.27
2435.86
2921.21
4901.49
3292.49
5318.41
5072.29
7279.83
7775.85
3272.00
9422.91
1995.09
1093.37
6927.97
1652.15
3935.50
2415.65
1696.10
168.28
9819.88
7993.46
5710.28
4143.76
1862.45
112.82
5115.82
2389.77
1426.73
7887.54
2702.02
1353.43
1503.80
9769.85
5969.39
1000.86
3477.71
931.58
3908.98
1534.40
5698.25
9436.67
5573.57
8249.64
856.93
3873.53
5291.27
4391.36
3845.26
4297.26
3371.69
109.77
1455.79
3972.63
2819.70
219.36
7487.44
6915.14
1851.74
2588.76
1169.36
1276.29
5672.51
11.44
1102.07
5856.45
2693.96
8848.59
7175.82
3923.46
8467.74
1816.52
6097.70
2268.19
8070.40
2890.64
2510.30
8397.71
237.12
4780.33
107.56
5124.09
1500.21
6437.45
2566.95
2655.07
1524.45
9624.81
1257.72
2004.88
2548.10
2312.58
1576.60
1971.62
1330.31
5324.54
2526.86
7337.93
23.90
6404.46
8391.19
3853.61
2600.16
3517.13
182.59
1115.59
5047.39
2605.16
1827.69
5244.71
4479.88
9027.20
1927.89
9445.80
1085.92
2357.85
5018.14
189.72
3532.40
6624.05
7526.80
1174.27
7639.09
1638.40
8406.34
1222.83
4316.89
1413.58
5451.43
3529.77
5318.36
1373.43
2437.17
7777.99
1323.83
2120.14
2426.38
807.70
28.46
1728.45
5054.39
189.71
2973.03
5906.63
5434.90
2021.31
9603.05
4311.76
2409.12
8902.03
2993.10
1415.29
5937.50
1399.18
2429.96
5622.75
3515.43
9413.06
434.83
2841.50
1998.33
5388.03
1727.90
1065.19
4560.55
2297.31
7039.39
226.40
8941.85
2551.88
914.87
2934.26
1123.86
648.35
4764.10
1135.75
1606.15
1456.25
1377.91
2605.21
1572.89
2782.05
1704.91
2207.56
1095.00
1595.60
4321.11
1827.38
5635.36
430.62
1881.24
2562.13
1629.18
9862.59
9986.00
4063.96
2121.08
7635.09
2472.69
1884.32
1406.50
1048.12
2815.29
1549.42
1813.67
6853.74
9336.98
403.87
5053.65
3833.60
4790.84
1484.69
895.35
5866.35
6193.13
8165.64
4651.56
1943.06
5064.77
2627.21
8383.23
550.83
1968.00
2206.73
2516.79
2597.53
3277.79
4455.94
2541.02
7384.02
310.64
3848.75
2629.94
2644.67
159.47
1341.69
3092.98
3617.12
4963.68
4319.28
1969.87
5572.50
3322.99
4560.18
167.87
1501.78
6335.21
298.62
1491.34
4376.44
6823.48
1593.23
1587.06
3745.04
4947.16
1644.30
356.65
1457.85
8353.55
4933.64
1989.89
6629.40
3632.63
2665.94
4004.31
1795.03
1255.93
6646.06
1698.66
1214.08
2271.67
4919.12
6427.71
170.00
5537.50
333.99
6855.76
9363.16
4293.51
1241.51
283.20
1503.92
1946.99
1550.50
1730.24
1436.93
1846.73
2079.48
1182.86
3173.24
1267.66
6520.36
9386.70
8053.41
1944.20
2848.93
7831.11
2344.77
8865.41
1307.83
5015.44
1685.69
277.51
1213.38
1417.72
1286.32
4412.56
3094.77
1872.27
2097.23
360.23
134.75
404.37
1394.25
358.71
7319.88
4995.21
8629.83
3604.20
148.36
9163.53
1769.39
175.82
2736.18
5108.10
5445.95
2454.21
2184.35
4966.39
4596.07
5994.96
6935.01
2916.22
1768.18
1061.87
7263.98
1625.93
5387.41
4424.28
7018.07
1220.97
6056.77
356.39
7525.13
9445.55
294.66
8929.08
254.35
5363.66
1676.61
3513.83
5628.35
2136.59
1813.82
5967.63
4231.80
4817.35
7272.09
1284.90
816.98
9257.32
2297.58
1211.76
2368.18
3278.69
1311.25
2565.11
4389.83
4003.08
2678.40
422.79
5632.47
669.41
1431.45
3492.21
1855.44
4678.18
170.89
2954.19
4938.69
2482.60
299.72
1609.14
2493.82
3274.96
1448.48
1181.40
1347.12
2789.93
1914.46
9383.40
4905.79
9106.26
3990.43
4797.94
2008.51
8944.68
3343.26
8323.58
966.75
9269.37
9989.80
9649.18
6990.11
1876.36
9882.05
2637.45
4151.58
6201.75
499.87
3450.40
2603.92
5285.44
2622.51
1301.91
796.99
7532.10
3409.80
1222.71
3872.73
3729.06
4752.47
3593.54
6023.73
2178.59
3698.63
2228.51
1849.84
3447.14
4049.73
3829.59
1220.91
1957.04
7007.36
7592.45
6929.60
1360.60
597.33
1606.42
2185.65
1445.06
5313.19
5660.78
1659.96
5792.34
6574.01
7481.67
1262.57
28.73
1224.40
1178.09
2005.96
247.73
531.28
2756.70
8024.97
6575.78
3944.84
1641.28
2133.81
5136.69
1182.50
592.08
7209.79
1424.08
2027.52
3443.71
953.27
3978.51
5549.59
1261.12
6772.38
4549.63
3442.07
1661.74
3781.51
8257.49
5461.53
3149.22
2111.31
408.78
1108.70
5175.16
2948.59
5130.56
1572.04
4090.82
1545.43
8184.55
4906.89
7793.70
1691.18
5712.92
6237.52
1398.39
2557.99
1635.18
1136.03
4696.38
115.71
3166.49
5565.41
6079.17
6930.55
9921.03
4610.97
1177.27
8497.24
5779.84
8844.37
5040.87
2949.83
3779.14
1799.85
1239.07
5123.47
8709.52
3899.77
2438.65
187.76
1865.46
5707.95
9070.20
2681.42
1999.91
1839.92
3427.36
8683.03
1806.44
3175.18
1532.31
8772.99
4045.13
1305.25
7255.77
4634.14
4976.56
1191.51
7438.11
8274.72
1233.48
1510.48
1549.47
7494.72
2234.92
1760.87
6199.02
9656.88
5965.26
3092.02
1096.48
6451.35
3168.47
2654.69
1552.75
1559.99
3034.34
2374.44
826.73
3552.81
1819.72
4762.93
2228.25
8967.71
8402.25
2039.90
1053.95
1332.79
4639.55
5158.62
3410.97
2344.41
5271.47
2599.49
3606.12
6720.84
5738.19
8263.42
3351.66
1418.85
546.12
2139.98
3604.21
1918.16
823.65
1936.95
2362.00
1301.95
1980.82
1372.38
1705.81
1310.68
2476.74
1767.92
1229.13
5969.92
1755.32
3584.01
1253.33
7739.69
3251.98
1669.66
6598.78
663.30
2021.87
1973.07
3805.79
1360.76
943.13
4382.80
8548.09
4284.67
4139.37
1326.14
5710.71
2720.79
822.97
1539.22
3871.40
4233.10
5228.96
8243.58
1548.98
9274.37
3896.51
4209.09
1778.84
9142.60
1963.71
4556.60
1663.56
9205.42
1990.18
280.83
2729.41
1377.12
955.16
4678.22
5092.65
4361.92
2820.03
9294.49
1648.61
4515.20
9130.24
5435.80
1819.23
3010.91
3308.59
3378.21
2230.24
1736.92
7430.33
2508.57
5666.17
7331.31
2798.20
1267.00
844.78
387.08
1741.78
6315.58
1992.86
9469.84
6952.80
4036.80
1080.07
1853.99
1604.94
8186.78
4614.73
3201.35
3371.58
5308.70
2441.61
6965.62
1294.32
6901.30
2359.32
5488.41
4659.33
4217.81
2515.77
6979.76
276.41
3833.38
1640.66
3869.02
3103.26
5424.60
9139.36
3873.16
5786.78
5152.93
5391.24
78.14
168.49
2866.94
1772.74
9274.79
1511.60
4152.30
1972.40
6935.57
4688.27
2291.18
8754.44
9777.36
1542.16
2510.68
2128.58
4788.72
1880.59
2441.30
3738.99
5147.94
3965.84
6190.41
840.93
982.85
1801.98
4850.75
1479.68
5044.95
111.65
1539.95
2813.47
4110.93
8616.86
4914.06
2571.21
3516.42
4258.35
1322.27
2280.65
8288.57
26.58
8894.65
5576.18
5934.00
1969.70
1732.32
6478.11
7616.49
4222.33
8962.83
9871.19
2835.46
3317.13
4784.42
3168.47
1855.15
1863.03
5963.94
5202.03
8705.85
4984.83
2885.64
1921.78
5639.69
281.52
6095.20
908.28
4104.12
1662.24
2944.15
3377.78
8666.47
2073.61
6214.26
6375.39
446.94
931.12
950.99
3302.77
106.05
104.65
1276.21
5230.21
1806.39
4603.56
1697.50
41.55
3142.97
6332.87
9667.58
3427.79
1073.78
2107.99
7224.23
2378.27
1467.79
8593.16
7432.36
5495.53
9039.59
4139.63
5331.12
2464.33
9393.24
3049.13
7492.24
1942.08
1866.88
1683.64
285.30
3410.77
763.74
8233.92
2744.20
1658.04
1737.14
4742.43
1618.29
5667.26
3745.18
1676.91
4371.65
9732.81
5271.71
4344.93
1162.17
6232.18
4396.06
4706.32
2285.86
3103.16
4326.43
3374.10
1218.90
1540.38
1215.73
3442.91
1303.14
1329.11
1828.51
103.94
1836.92
8888.25
6810.86
4412.38
9425.60
1993.01
5220.25
1392.56
2122.23
6506.63
1885.09
1185.78
525.15
2406.51
6239.61
9820.71
1111.84
2771.90
7524.61
9838.52
4661.73
1482.28
2494.42
1677.23
3427.53
2548.52
1075.95
5637.14
1956.98
5904.12
1297.74
4489.34
4304.91
2679.12
1824.57
8585.52
7637.62
1956.36
9591.14
2382.14
6438.26
2566.68
9443.24
7864.85
1047.83
256.05
8848.88
3388.87
9499.84
226.24
1636.10
239.00
3685.79
2359.13
4364.19
1092.61
2374.75
5295.05
9079.20
6093.44
2922.31
1919.79
3235.63
1621.75
1271.05
7051.55
722.87
8324.31
7899.17
190.17
4923.44
4217.34
1818.02
3625.27
6470.19
1481.33
4635.92
2776.01
1299.43
1013.77
2111.95
3091.53
5743.67
4029.82
962.52
1971.22
4045.93
3893.23
7438.87
8514.44
9851.00
2929.30
3934.73
377.28
3537.88
1298.46
6804.65
2643.98
450.92
30.64
6787.80
3629.84
4887.79
8269.94
2518.80
5781.32
137.44
1021.67
2999.37
4018.67
4359.18
1006.82
1594.52
1454.21
1933.04
1848.27
1284.63
2505.33
175.27
2142.71
1234.92
5856.29
2554.36
8469.21
2526.79
4607.91
1062.82
1568.60
3567.39
1968.75
1521.44
1540.59
8301.85
7989.76
2174.12
6926.75
2041.13
7688.03
2002.23
2317.76
7576.03
4567.34
9934.43
1834.39
182.19
2643.07
3542.28
1808.66
6983.48
110.13
2795.21
7653.16
544.11
9781.74
2322.12
4961.41
2189.35
4620.91
6906.83
1137.58
1191.22
5109.06
4148.41
5986.91
1911.06
928.81
3054.69
2207.68
9450.37
14.84
6820.61
2629.01
7453.11
1183.26
2575.78
9388.98
1190.30
4063.66
1091.74
1901.17
7971.38
2605.15
1165.69
2274.43
9.24
5225.13
9970.45
8575.34
7047.14
1797.49
7455.50
5383.35
3383.32
1028.42
1664.39
3162.68
4013.92
1238.48
5295.37
1139.64
2131.21
7131.73
1754.38
1994.68
3820.04
3966.07
1316.43
1767.94
1287.34
1295.92
860.54
4006.45
723.46
6856.71
2893.84
1579.36
1953.76
5984.86
1929.00
1309.36
5212.29
6297.55
191.52
5608.46
1551.84
3383.20
1212.55
1418.19
902.87
3933.95
347.07
5248.98
3046.19
3910.25
2920.35
2857.67
3701.46
6460.99
2004.61
2703.15
4053.29
1713.96
580.01
3084.19
3807.55
5698.54
8424.15
1340.23
1939.73
2111.93
1839.22
5776.11
5738.20
4732.08
195.97
1335.97
3685.57
6887.11
4376.55
1924.06
4675.42
6015.10
3623.58
1835.72
1820.21
4794.32
6600.01
3855.74
5574.57
32.49
1375.71
4771.49
1713.62
2775.32
5477.22
3216.81
8616.60
156.17
2507.77
1005.12
125.23
2131.18
7970.99
4161.07
3088.61
210.99
1594.06
7188.02
4015.97
4060.50
8186.16
4614.56
3913.20
1714.36
2283.01
1527.19
534.28
3065.21
2649.74
247.15
3641.86
664.96
6784.24
4300.76
7098.20
9968.78
2701.29
6221.40
3580.90
3205.13
643.20
402.85
8738.21
7468.90
5728.48
4759.84
2580.72
1925.83
1540.81
1104.99
3499.43
3666.39
1694.89
8472.96
1151.46
1976.11
6359.24
1013.23
4018.06
169.09
2217.75
145.14
7385.72
1753.62
5047.06
4146.79
435.75
5617.15
801.93
4432.78
5035.09
2946.92
1857.48
1795.18
1512.54
4073.69
1299.72
1305.49
4166.58
3932.08
507.28
6239.98
2834.11
1794.11
19.29
8585.70
9534.61
3299.51
6218.64
3979.30
1038.72
1563.53
3025.64
1586.16
2937.97
3538.57
8987.32
160.97
1475.94
1879.99
5368.01
1600.17
9230.11
5873.68
1179.70
5518.50
4044.96
9847.50
1211.83
4477.89
1316.74
9752.72
5555.27
3499.94
1155.42
2180.42
5597.13
1733.39
4285.93
4223.04
1302.58
1491.07
2004.43
9995.49
3917.59
351.51
2986.15
4409.95
4179.99
3556.86
3865.45
1754.14
1655.19
9330.84
670.04
2619.08
5816.89
2564.53
5608.24
5422.96
2159.37
2656.23
2340.34
1585.28
5163.73
4637.22
1415.15
6495.76
2451.48
4610.53
4962.43
8357.43
2214.75
1626.45
646.61
4806.57
4809.13
4610.46
7890.50
2654.10
126.58
1704.85
528.45
40000.21
2365.72
9665.83
4483.16
1472.19
1805.47
363.06
421.62
9442.63
4211.69
3133.18
7197.54
7432.29
304.93
2281.18
7048.01
7078.27
1822.77
6164.38
2658.62
8766.30
1094.50
4475.46
4459.83
1809.76
1820.81
5327.75
1280.02
1091.58
8330.89
4529.14
4634.21
1778.43
1144.06
539.91
972.51
1366.62
274.35
2018.17
3029.57
1504.57
431.62
7239.28
1109.60
6534.49
2587.45
552.18
2260.36
4497.55
1076.60
1897.57
1970.25
1371.34
1749.39
1706.48
6789.03
2411.20
3640.54
4876.29
1962.67
170.31
5347.72
9758.57
2113.21
572.82
3120.41
8439.84
5305.44
1173.87
422.09
33.52
2710.88
2823.60
1618.00
575.75
4426.46
2286.16
8714.39
2029.34
2004.68
8225.59
2931.88
4868.00
7725.67
4752.93
9710.28
5426.85
3038.68
9407.84
9136.88
5724.44
8175.85
9328.49
5469.57
9464.19
2381.03
239.79
1897.08
5639.89
9728.16
6331.99
1926.36
5102.49
9773.06
9586.41
2106.19
3583.81
1782.82
4773.43
1323.90
1569.41
1420.41
2244.93
1857.01
1981.30
4628.81
1301.24
3825.21
1790.44
4613.82
7460.47
7915.43
1737.94
1690.64
1002.43
1378.46
3406.01
2456.00
2712.52
8458.47
6238.78
5454.05
1059.66
3798.61
8650.15
1536.21
7883.71
891.25
822.67
1992.33
3208.21
1687.12
2152.86
3669.50
9657.97
4208.56
2415.49
2753.29
20.35
3311.71
6865.27
1914.59
1383.29
4374.71
4380.19
5105.22
154.98
2787.39
8388.44
4594.85
4577.74
204.18
2381.41
7939.42
4478.86
9918.14
1808.18
2945.01
9447.63
7737.81
3872.25
2885.02
4169.60
4792.75
8950.83
8078.67
1983.14
6119.74
2350.27
7424.27
3695.39
3345.07
8029.14
5548.92
3285.75
1822.38
3534.92
8830.34
2528.84
3146.79
4564.48
4249.01
2729.29
1682.56
4941.60
1887.37
3461.48
2337.56
6526.25
2765.66
2567.27
8149.06
1436.28
4879.54
5708.81
5540.04
5942.29
2953.07
5933.94
341.74
200.31
1047.54
1594.91
1818.23
1593.76
1888.89
1415.03
9101.48
1253.57
76.53
2548.18
194.24
1245.20
4022.55
407.96
1392.04
1330.81
8974.31
9590.39
3879.60
3645.34
8704.26
9363.98
1758.71
1052.88
8911.37
3290.21
2065.46
1453.54
1060.72
154.96
775.50
5928.29
2128.16
4403.09
2454.45
1536.33
1798.74
1223.36
2875.41
1198.92
1474.42
2894.15
1226.12
2234.65
1000.72
746.07
8618.06
2145.59
1171.38
1678.30
2158.60
4744.40
4081.91
2832.30
2808.27
1274.34
5815.77
2294.32
1840.84
1295.74
172.25
2690.16
1212.50
2240.83
9897.39
1924.00
1469.74
7354.22
3187.34
2291.67
4289.16
5228.63
6032.49
266.17
1493.09
6534.10
2381.17
6723.45
2031.80
9938.76
7542.24
5555.98
8329.29
3714.93
3456.69
7784.90
3510.13
4630.85
1576.48
1623.05
921.53
1083.07
6721.95
7760.84
1384.09
2188.36
1349.92
479.21
5337.58
4808.91
3457.97
7016.13
2011.90
4377.38
623.78
7710.74
1226.80
334.17
3849.16
4519.09
5902.09
9457.75
9528.29
1188.08
7088.66
4063.16
1656.99
3974.44
2387.95
5688.89
891.88
2876.48
8117.09
1106.63
7819.31
2335.75
6308.92
1661.21
3305.04
1574.73
1732.71
3612.19
196.84
40.69
7324.59
5826.90
4945.26
1670.86
4921.35
4436.21
3970.23
1030.48
4241.45
1686.63
3562.55
519.13
1940.95
4671.12
2156.41
3902.53
3523.09
4178.01
905.29
1276.11
1112.03
8260.74
7395.59
9250.45
1441.91
1156.82
4454.72
9941.27
4738.92
4835.50
4572.10
3994.56
4027.64
1673.10
1871.10
2024.43
3500.81
1693.62
3887.37
173.55
8358.30
4333.37
1494.54
2835.09
153.09
8966.08
6541.38
189.26
1073.15
6825.45
1501.89
9326.08
1454.84
6769.56
2046.74
2384.54
2740.04
1179.50
2010.16
446.52
2721.61
5074.81
118.61
5213.52
8919.73
5892.61
5170.04
1573.88
4527.29
2943.30
1116.93
5638.06
6617.77
9632.70
5468.78
7719.61
341.14
2854.54
3161.50
1102.03
5881.66
7557.22
1584.44
1607.05
4702.88
183.39
5876.74
2486.50
2409.07
253.17
4101.09
3650.54
1081.44
1841.40
1600.78
2067.67
8675.93
2212.93
3541.89
1424.54
4471.41
6127.75
5206.33
4913.76
1705.61
4566.62
1280.03
1816.17
5546.90
2378.98
3579.01
4870.70
3989.63
246.51
3179.99
1701.86
5343.44
5808.04
9630.36
5591.84
9128.37
3894.70
1659.76
4134.74
9683.34
3276.34
4620.20
1549.67
4638.82
5206.94
6866.56
2172.86
5652.29
1678.19
5426.22
5930.10
5064.07
1883.10
2995.28
3088.31
1297.81
2231.13
2072.27
9812.79
1437.86
5810.37
19.90
5087.10
2410.91
1677.06
1927.56
179.28
6765.09
7136.14
926.07
748.47
1570.27
2648.05
1974.93
5622.82
1555.12
465.30
4892.19
2193.32
1374.38
1696.97
1015.87
1901.02
5038.34
5236.39
963.99
5140.76
3635.35
8493.80
3476.22
14.13
6382.24
4949.62
1103.77
8631.90
3719.21
4927.34
1874.72
1193.10
8238.48
3655.33
1692.73
1334.17
8858.45
7730.16
7564.20
1230.38
2399.19
6599.23
2923.25
1591.75
3005.56
4916.89
2176.89
2428.84
9697.40
2099.74
1494.52
190.33
3076.82
4077.95
1235.16
5183.01
5465.55
6178.77
7921.56
1262.37
3775.94
2053.35
1073.78
3824.49
8723.66
4907.12
282.15
1224.41
110.84
4054.30
1967.61
230.95
4005.17
7657.49
5249.53
3424.22
1557.09
1120.50
8653.97
882.93
3684.90
1413.73
1890.49
4221.08
1870.91
3650.83
444.50
142.96
2410.15
7832.81
1328.58
7679.06
1365.93
1399.01
5931.57
5395.95
1614.29
759.48
4503.42
866.17
6791.84
1916.32
4147.76
1197.63
1352.39
131.10
1653.87
3749.60
1112.98
9862.32
6417.44
1999.35
1452.06
2860.96
3555.62
4522.86
1176.37
841.45
2411.41
1168.45
3314.42
3928.84
2606.24
2536.84
7216.92
5539.83
5289.34
1957.96
1908.35
7476.73
3546.07
3761.32
276.34
8957.67
5950.64
3442.37
1559.08
1208.61
7106.73
4767.85
3301.88
8281.46
1080.52
1597.69
2613.03
4547.88
1437.05
2124.01
2021.19
1647.77
1023.11
7376.79
4957.01
1875.17
2949.62
1688.72
2637.82
4180.24
1616.06
641.88
4548.48
519.27
1504.63
5895.46
1848.93
6757.48
6657.95
4147.95
3582.74
5530.86
4468.00
2836.55
2704.83
2594.19
496.61
1960.09
1259.64
3459.50
2728.32
4671.93
6704.24
1785.13
2494.59
1713.34
4712.89
8609.20
1996.97
3295.21
3379.84
4324.26
1404.83
3526.77
5926.76
1158.36
2237.27
9448.93
5533.32
6653.94
4738.39
6129.63
4658.62
9140.14
170.02
6290.11
9125.17
7016.58
4332.81
993.60
8622.31
5110.05
5977.17
9627.94
5412.55
8058.74
4352.36
8098.92
1553.49
9430.89
9091.94
4398.23
1498.38
1251.27
1445.98
4217.28
9310.77
8263.93
1086.09
6035.05
8725.56
7758.13
1875.87
1659.32
2702.20
3215.14
2998.63
2360.39
4508.98
3794.11
439.45
1340.25
6918.15
2410.83
2811.40
5144.49
373.92
2560.62
5115.99
4718.52
2313.25
3644.12
5250.66
1570.39
3944.84
2638.71
1319.83
1433.14
8831.53
443.91
2374.62
4062.05
729.95
1021.58
1964.20
843.30
3190.17
1107.55
2271.60
1378.40
557.54
1395.16
1104.82
4963.80
8104.45
3651.57
8091.39
5019.10
1247.06
7009.09
1618.01
6944.18
1225.15
525.11
1044.49
130.31
4013.04
5727.37
6954.52
453.73
8.27
1944.27
7143.15
9399.93
5571.50
8545.01
1031.13
5365.86
2126.39
1635.27
8774.20
7120.90
1560.94
2940.84
2438.24
3500.70
7603.91
2861.47
7947.85
1685.17
2026.84
4041.92
6298.07
1610.02
4866.56
3198.93
3129.42
8980.40
4521.64
1850.90
9564.16
4462.14
2251.35
1905.52
1719.43
5887.25
2959.64
2516.19
136.89
1302.19
4003.73
171.54
3339.69
8003.26
924.21
2736.89
1282.25
3995.68
725.13
5000.16
1616.84
3114.95
4798.16
9300.39
1445.62
2762.80
1898.58
169.32
1378.26
1287.08
1338.15
5425.54
5910.13
5829.88
1884.68
1726.70
182.51
6594.05
765.17
2867.30
1977.28
8560.58
1710.38
2562.59
3232.64
2527.33
1442.63
4524.36
1442.55
1313.16
2468.46
1467.54
1463.64
5642.59
7612.62
2641.21
1631.94
1147.76
6421.43
1664.18
2507.17
7044.02
8022.47
183.17
8599.60
1345.09
1713.95
4830.22
4893.56
1008.79
6877.54
2435.69
1920.23
2864.02
6826.21
1862.65
5027.70
1264.99
7436.47
2180.84
1969.18
2774.79
5089.70
5361.56
5092.07
1437.52
1167.17
1377.25
3373.38
1993.40
7698.06
9990.50
1273.99
1245.40
870.93
1949.57
1827.68
7386.61
9127.76
385.45
2906.75
1169.40
8628.54
2088.63
1791.89
4458.70
841.97
1517.20
1547.28
1480.11
4763.14
2505.50
354.59
7332.79
1279.38
1725.02
1046.85
3912.47
4375.93
2680.63
5667.92
4238.00
2128.22
1212.97
8981.81
9284.08
5708.85
407.77
3753.12
4879.20
1785.29
249.93
362.28
5499.14
7626.66
163.51
4499.91
9115.99
3076.82
8458.84
1553.19
4245.42
3498.93
4730.02
142.94
1378.76
252.42
2128.99
72.42
6849.82
8822.17
1439.25
7743.23
1677.65
2488.70
5791.31
1138.84
1659.39
1120.84
1300.09
1374.37
155.47
2972.11
4484.48
3667.61
1603.60
1658.97
2086.64
4912.01
4045.94
1331.63
1938.54
1528.86
5013.36
4443.80
4463.69
8724.79
2146.98
1224.43
8368.94
1630.65
5535.47
2699.98
3395.83
1426.17
3100.65
921.31
2209.70
1741.94
548.08
2827.51
2184.95
1405.71
3785.26
2346.67
1743.35
1348.16
2342.93
2039.52
831.54
409.02
7599.76
1808.44
1564.90
5725.98
8831.19
9405.79
2835.98
6068.78
4300.73
2649.09
2624.16
3126.48
2429.64
3863.82
1519.10
2547.95
6678.69
1642.59
7025.65
2410.13
1725.35
2856.28
1733.37
1845.74
7209.21
3794.45
3448.28
1026.95
4671.89
8658.48
2244.39
1585.31
1342.34
3611.00
1909.88
2705.58
4726.90
1768.63
3900.63
158.03
9467.28
4609.89
7866.76
802.28
2199.00
505.73
2270.92
2172.20
2019.57
4039.46
6543.80
6426.77
8245.73
2935.71
5754.46
1028.37
5950.90
4789.45
4018.89
3243.84
1895.43
200.78
1668.68
1963.61
2490.04
1605.63
2456.53
564.64
5490.01
4920.76
1844.36
1268.83
7951.86
1445.21
4150.01
5636.87
1207.51
3023.33
23.28
1427.42
3620.91
1835.09
5890.96
2233.92
2891.95
1347.60
4642.08
1269.35
2340.62
7045.10
5409.92
4970.78
7343.75
1179.57
1064.71
2617.67
1068.11
2002.82
9632.87
2908.34
9131.94
2326.81
2287.69
9472.85
5170.01
9932.05
1385.58
7066.76
5557.59
717.81
1761.52
1101.53
2182.55
1244.17
2582.46
2822.34
9619.74
7275.51
2721.89
1890.21
4211.37
2872.92
2802.05
1446.12
1704.87
1221.37
8707.22
4538.00
8447.54
6459.79
9243.68
7805.93
1009.32
1266.98
5831.08
1908.97
1125.10
2348.08
7645.17
2662.55
4273.79
4783.32
1393.03
1289.14
648.45
6372.42
4145.00
486.61
4829.59
5518.60
4320.14
2092.82
9958.24
5610.13
1765.12
1110.84
6048.18
1878.90
7419.86
9766.49
4656.10
5737.24
3859.32
1692.94
4574.46
4806.20
1335.72
2569.70
2020.81
5897.02
9277.07
3035.92
9674.43
1067.76
1743.96
4555.79
4194.73
3944.14
3368.29
4158.82
4237.91
2449.05
2273.07
2125.16
334.98
1163.73
1415.83
6310.14
4620.18
1787.68
2137.32
2076.59
3460.55
155.71
3578.44
1042.84
1913.80
2659.49
3821.72
6174.80
5579.35
9134.23
6825.85
536.24
1153.13
2470.46
412.72
1809.79
2981.52
8634.90
568.79
2789.36
2239.95
7852.92
5855.11
4316.35
4982.71
174.13
5395.00
1317.00
4368.02
2386.83
2093.30
2926.90
1647.31
3503.26
8737.88
3794.08
3007.35
1600.06
2347.24
587.44
1445.46
1287.39
2268.53
9591.13
6230.23
6238.75
9374.91
5623.16
3828.79
9403.07
1129.02
8388.48
7514.22
505.95
1363.18
9556.84
103.40
178.98
4981.17
4698.18
526.03
7610.28
1417.90
1909.59
1474.52
2851.64
7129.44
1981.89
5658.69
1336.12
1585.90
2501.26
4240.28
5625.02
4993.31
4071.43
3467.67
4726.51
2938.63
589.89
8755.90
4922.32
2003.11
7944.16
4502.94
6723.57
5367.92
4091.57
513.78
157.17
5870.78
5937.45
5600.41
4807.80
175.16
155.45
1424.19
2050.37
4377.84
1731.67
1590.64
2517.29
33.65
5164.91
1199.71
1364.95
2930.92
1070.79
841.67
9362.15
36.34
3331.28
3274.27
2976.68
4172.69
6860.04
3222.74
5222.23
9431.52
979.96
6231.01
5581.56
6540.28
1995.48
3504.86
320.40
4250.22
2639.96
8768.04
1704.40
3462.55
3447.62
2846.83
2951.95
6202.59
3432.07
3407.23
1611.02
3678.16
5077.82
873.04
7507.56
8116.13
5169.86
3178.76
2543.80
8957.87
171.55
8981.20
1840.37
4325.46
1970.78
2785.44
4334.85
4701.52
150.43
185.94
1595.74
1960.40
9075.22
3176.83
4875.96
1389.12
2047.99
1069.23
5576.47
8850.15
3674.39
9558.31
1406.03
9156.98
1215.00
3936.63
1685.18
1521.27
2927.70
4917.90
3666.33
1068.26
1414.75
7592.36
1425.54
2756.25
1910.85
2947.39
239.59
2540.87
1995.17
986.19
5360.59
1572.22
9582.72
8171.77
3235.85
7473.35
4643.44
1723.50
68.12
2056.82
1125.66
177.46
7025.19
2559.78
1870.60
1277.24
1840.79
2907.10
5618.19
4133.80
131.01
5418.39
1469.42
5976.26
1984.01
8806.35
262.32
2012.55
2835.73
4285.55
2155.08
1192.98
1104.49
7362.91
4286.69
9048.17
2922.11
1736.98
1477.78
5211.11
4038.61
1914.47
2437.65
254.40
1703.05
1562.34
2995.37
1757.83
8304.05
5263.81
8257.00
1673.63
2236.24
1880.87
414.33
31.22
7542.14
108.45
5820.67
158.96
146.88
1631.66
4516.39
7574.63
4163.84
3046.41
1659.94
1798.26
507.51
6711.96
8945.35
7298.24
3564.11
7034.71
2628.14
394.15
711.43
232.10
3860.91
1517.62
1699.99
2401.31
513.02
9369.31
831.19
8221.47
2212.49
1167.68
1588.65
4720.72
639.08
2245.65
3984.78
8277.87
192.20
2979.58
712.39
122.36
4362.59
2394.81
2884.71
9695.52
1939.49
1673.20
1720.99
8085.98
2197.63
2309.20
8721.52
1582.14
5594.57
841.31
7236.59
3139.44
4129.72
1151.55
2248.63
9894.69
1031.61
3401.76
4768.64
1696.01
6464.79
7237.55
3570.04
1555.61
595.50
2302.06
1304.23
2969.04
21.11
7481.29
8636.84
4129.76
6002.74
9996.26
3252.32
7010.09
2482.53
1260.56
6355.92
2817.63
2549.64
9920.00
1163.98
6386.24
2034.30
4681.62
4775.61
9461.72
1900.91
1961.56
2954.70
111.03
1546.43
9471.43
2871.52
656.31
4252.02
1313.81
2246.11
2667.20
7418.77
1553.91
5551.98
4001.94
6120.32
7685.62
2245.91
9102.40
1202.15
1571.40
418.95
6857.99
9405.96
502.68
6181.68
2961.40
5689.12
2106.43
1504.19
2839.65
2827.12
1673.07
2418.11
2695.56
2712.71
380.46
2427.69
3868.96
2550.34
8417.54
5915.07
191.38
1667.58
7085.79
146.29
1451.43
2759.44
1888.98
1780.26
4804.60
126.38
3103.28
2852.89
2387.44
3526.40
4659.51
1003.76
2414.46
7398.93
9125.85
2509.05
1249.16
5393.62
3700.64
5516.95
4195.46
7144.99
1422.54
3220.78
2576.27
2831.18
1918.28
9466.09
1259.23
4128.93
2490.01
4244.66
1545.61
2542.13
5415.29
4083.75
3457.02
9343.79
2992.16
187.12
2046.72
9229.48
8322.21
2424.38
1313.16
1698.01
6063.95
3235.78
5927.75
1500.15
1953.76
1824.12
1414.28
4675.94
6400.33
5599.77
1858.95
3720.29
186.60
2879.72
4188.77
2247.24
3167.32
1319.00
1521.86
3157.95
1662.67
1528.81
9092.54
9666.58
7742.73
8899.66
4835.34
1527.23
1908.79
3290.07
1082.98
5026.01
3698.32
9426.38
1205.94
1009.16
2386.74
1766.31
5330.14
3676.11
2203.69
3954.84
1246.48
1733.99
3535.09
1592.88
5770.43
5419.80
5618.39
5943.13
3863.88
4446.95
584.70
3710.84
6264.37
7883.28
370.62
4193.42
3222.51
5895.58
2751.46
6045.18
2318.86
7223.24
8800.34
332.56
5515.27
1109.17
4692.00
3872.26
1153.95
5542.34
3775.32
1605.36
2933.01
2651.55
9230.92
2150.60
383.60
7806.78
3621.25
4225.27
1827.32
2786.60
353.60
1643.69
1201.67
5747.31
3048.33
1605.36
1370.80
2528.52
2475.31
3550.22
8817.86
3888.22
1416.57
3328.15
2441.07
1281.03
9542.17
1615.40
147.67
2704.62
41.17
4154.32
1522.86
2106.82
2644.76
2401.63
7186.84
1220.77
876.34
1059.03
9128.33
1999.43
436.82
2730.18
1650.42
5747.43
229.38
7940.44
2723.75
1762.64
1593.82
189.88
4431.56
6138.32
2465.60
2651.22
9125.65
1091.57
8649.78
2229.52
2858.40
5063.36
1602.73
6678.35
1060.12
5216.18
4305.94
208.54
2629.85
4573.96
3656.73
5138.28
2508.62
7724.20
5996.12
5026.39
7288.87
3414.78
4340.96
5944.86
4201.10
3539.44
2849.86
1188.79
2264.29
1521.71
6373.78
1351.75
3407.13
1563.77
7607.98
1879.66
3607.35
1492.53
2354.80
1510.30
426.49
6351.00
3652.16
3689.10
1322.16
247.14
6061.21
4207.29
2778.38
1248.71
4787.00
1449.78
2316.95
4837.26
6167.33
2153.97
5632.59
4490.70
1159.95
4485.60
2075.28
717.51
223.06
6816.68
3065.54
3234.39
438.34
1074.84
1161.75
1297.65
2027.86
4999.65
4609.71
1987.98
6359.67
1623.00
1787.87
7804.81
3519.48
3669.57
1087.91
1263.97
2455.53
2560.64
7377.82
3975.98
3197.66
4797.12
1252.60
3884.62
5831.59
5515.68
2903.10
5010.78
1896.60
5775.00
3924.26
1003.45
8715.86
2734.99
6973.55
5201.08
2666.58
299.68
1432.42
2252.19
4264.75
698.63
1208.80
5994.56
1433.24
2320.17
5674.57
2411.84
2800.16
1853.75
8345.02
1889.27
4043.29
9694.03
182.37
3687.32
4836.91
5936.44
2053.43
6512.73
7963.78
2392.91
6926.58
6654.30
4112.70
1257.45
3877.57
1861.45
3655.94
2793.57
2075.96
5480.56
160.31
7993.20
824.83
1472.81
1040.70
4549.32
4484.96
2102.19
9230.20
7714.44
5859.55
4618.34
1960.04
1954.12
9551.30
6543.70
7984.68
3042.33
340.35
286.69
508.12
6961.81
558.96
5565.53
2875.48
1716.46
2983.59
3444.05
58.58
4159.50
5908.56
4206.50
554.08
1098.91
5669.89
2058.97
995.31
1032.50
3369.58
3180.13
1111.36
6204.46
2240.67
1803.29
7569.53
4106.02
3569.83
4387.64
3779.09
3770.04
7441.59
1825.91
1844.82
5092.01
1944.83
651.05
6479.01
4045.23
5012.09
1335.24
4696.55
87.28
1978.51
1116.98
1200.22
1784.58
1768.47
1205.02
7407.75
7596.39
3409.94
4787.40
6963.18
5382.30
1049.17
1989.56
1699.05
2060.92
2687.50
1247.33
5251.17
1640.45
3240.38
6725.09
176.01
7742.80
5913.75
4278.57
5608.53
9417.50
2799.69
2592.31
7527.41
4815.86
5019.40
6084.76
9730.01
1185.90
3923.82
7274.65
436.08
5127.79
1650.61
3003.62
5999.23
903.57
5207.26
1184.97
92.17
1910.09
7935.59
1320.81
8995.77
1036.27
8139.83
464.70
6067.16
2622.96
9292.73
2061.74
888.57
2639.86
4742.93
3709.00
4390.66
958.65
2938.57
275.10
5635.03
6459.85
1244.72
6341.88
4551.36
2516.09
1039.57
4793.44
2395.18
2654.56
8744.21
4298.10
4509.48
5942.44
4102.83
8606.67
8530.31
2614.69
1256.41
7009.71
2739.43
222.58
3096.10
1227.58
3686.68
3042.03
1826.35
5912.75
5158.82
3547.55
1921.86
1871.75
4259.44
2357.43
1044.56
1790.15
5905.04
5153.00
9291.16
3753.25
5985.84
4474.25
123.34
9007.67
1566.74
1910.62
922.81
2871.42
972.14
3913.62
2349.36
5892.55
1222.42
915.90
1371.92
2805.62
1563.16
5341.41
1646.83
5540.41
1458.34
1613.93
2780.11
9749.66
3766.33
4913.85
6673.08
1047.35
5876.20
1371.79
1601.01
168.74
3005.83
1106.95
6880.34
1125.52
3127.60
5440.15
2014.70
3204.94
452.19
1183.27
5381.60
1373.30
730.35
3562.36
5048.39
1989.68
3991.96
8007.44
3164.45
5607.55
6197.94
1566.67
4673.59
1198.88
1066.62
660.79
1283.45
7908.92
1372.30
3663.52
2559.59
2212.61
3669.40
5217.25
9831.03
8446.42
2007.66
9455.45
1958.30
1967.57
127.09
9457.99
167.60
8951.55
552.67
389.56
739.33
147.64
1054.81
1228.37
560.90
1757.70
1194.78
2635.88
1636.06
5972.66
168.43
3770.48
5002.39
1186.96
8465.31
2514.98
8255.49
3208.03
1355.89
8776.30
5398.19
1570.67
4157.22
1033.28
4976.72
9303.43
5707.24
1225.10
1403.94
9122.99
3381.19
6822.32
1568.46
3084.18
601.20
272.02
2199.85
8728.12
6542.29
8499.91
6175.67
5602.32
2558.67
3200.61
6224.65
1326.71
1131.10
9458.70
7403.87
1398.51
4788.43
2585.51
2328.24
1718.42
1161.27
2369.74
8509.71
3372.84
1689.74
609.31
5762.97
4902.39
4912.90
3709.76
8193.48
8331.60
1365.65
6214.03
8977.10
3277.12
8837.43
1606.67
4431.84
4624.97
916.38
2067.03
2136.76
2892.12
1315.79
1140.75
5725.97
5549.14
5302.83
4221.23
6527.18
7063.55
6215.48
149.37
1112.03
250.53
2068.62
4956.89
2845.76
9801.62
4004.36
1082.72
6212.14
5751.66
2848.92
2888.77
3956.80
5.93
2306.56
8808.77
445.01
8128.90
554.30
1999.46
1795.43
3890.41
6566.57
1863.02
6090.27
1414.28
1945.67
5405.48
1929.14
1611.10
2029.09
7012.20
1237.29
5372.46
8661.67
2521.94
3386.24
1024.15
3811.65
1131.27
2058.90
3555.77
2091.04
4356.31
8821.08
4464.66
2446.72
4742.83
4686.80
256.66
78.67
7064.70
133.37
238.04
3198.19
8128.47
5243.78
1601.90
5449.00
8634.58
5578.53
2090.13
8764.84
673.50
1897.77
5507.63
9151.39
1714.68
7868.18
5837.82
5312.44
1890.55
1934.43
4430.06
3254.20
2027.33
2306.42
2643.22
4544.66
4836.43
2058.45
2550.63
810.82
1982.92
3109.73
4245.18
2920.17
3966.69
6283.99
3280.82
1660.66
4126.42
1017.29
1381.98
8009.96
1520.66
4668.37
1646.00
1217.14
5356.97
3832.87
2961.66
1740.29
9671.50
4147.74
2389.96
1473.23
1443.83
2614.59
4590.50
8538.94
4869.50
1224.34
1996.70
4102.97
1949.50
2728.29
3853.74
2868.10
2326.56
4937.89
751.08
1176.85
2186.71
214.23
4150.15
2388.80
5356.84
9014.84
18.95
1157.46
1156.58
6855.82
1880.36
1286.81
4278.72
2906.94
5050.69
2875.87
1132.36
997.45
7334.75
2361.59
1320.83
2631.23
2889.88
490.19
1776.61
6709.88
2549.15
1926.85
6091.76
1230.57
3019.20
8969.10
5707.77
3165.92
3494.23
5457.33
8586.28
2985.75
1100.55
6096.75
1952.70
9169.33
4132.43
2149.79
1811.30
5153.92
5985.26
5107.97
1514.10
2454.96
151.78
6963.70
8526.03
8428.32
4092.68
2050.64
1530.00
9216.44
4971.50
2384.97
138.06
7278.34
2112.39
5812.09
9649.60
533.54
1946.39
2978.81
358.31
7838.01
1775.87
1295.45
5453.19
7342.14
1489.65
4497.72
2802.68
2655.21
3735.40
1657.99
2069.36
9733.75
508.44
8619.76
1377.60
3367.09
5854.61
1482.04
8218.26
4516.36
742.19
5207.72
4029.05
3577.41
4847.79
4126.41
1433.74
2324.48
103.86
1972.25
9756.45
3509.52
3207.08
5915.98
9620.37
8314.62
1448.05
4522.09
6933.67
1110.21
1423.70
248.61
9786.52
2478.89
5203.94
2508.47
5921.87
3500.24
1718.97
5417.66
5958.45
205.79
4919.15
8155.17
7165.27
5297.25
1979.45
4719.69
490.53
476.07
2468.60
6529.79
1673.77
9603.86
3011.62
2858.26
457.04
1423.50
6492.63
6091.32
3374.03
2485.38
2341.56
9216.68
9040.34
4785.67
1080.79
2946.72
2055.37
279.44
430.38
8952.41
2171.90
6643.16
1859.73
4252.40
5862.73
134.39
9379.97
1713.41
3471.12
5465.60
1601.96
5462.14
1002.75
3993.49
3336.23
3980.88
1441.18
1121.57
2377.95
9503.99
802.32
3288.52
9644.46
26.45
1524.58
6750.10
1414.48
5829.82
9083.07
1611.62
2457.22
1074.60
1268.37
3375.99
2646.25
5303.22
2589.58
2903.27
141.48
4966.22
2462.66
1376.85
7053.62
1828.91
1311.32
3329.86
5919.47
24.23
1577.48
3326.76
5768.02
6208.85
380.57
2527.81
8880.21
5517.93
1025.90
625.56
5791.15
1465.85
2462.50
5930.16
5025.32
1589.14
1151.08
8576.07
6785.76
6907.69
468.51
9555.72
178.88
4017.21
5377.84
4294.70
4468.36
1050.77
2481.84
3903.80
1729.18
2540.74
7933.34
3757.23
7687.11
1257.99
3471.04
6867.56
1343.85
5890.09
5047.54
1141.26
2135.60
1588.90
4556.19
1517.40
4772.21
4155.57
2890.57
7203.26
112.30
8962.02
5239.39
4823.82
4164.17
2073.01
4411.23
5088.59
2335.85
9807.13
4220.90
3820.16
162.16
2313.97
4032.62
3692.00
1389.59
6816.43
1358.30
2267.89
3876.36
4166.06
8969.02
137.51
8811.17
2018.10
1134.68
4385.73
3281.34
3765.05
2622.97
2244.67
1433.78
9691.86
2123.30
1402.48
9143.89
2232.99
1444.92
8641.69
157.63
4391.99
4004.22
7115.92
5890.10
3279.40
5575.31
8989.49
2346.28
4921.36
5958.60
9509.79
7616.14
281.57
2907.34
2352.05
515.01
4773.98
1428.53
1861.84
754.57
8523.52
5328.23
214.15
7165.04
1531.08
6958.69
4581.31
986.65
1845.00
1.52
1099.40
186.39
9926.80
3332.95
1816.49
5671.74
1153.90
8816.62
4969.90
1852.06
7107.44
4240.38
2432.73
6777.34
4828.98
1978.87
1486.26
4050.58
2772.90
5287.65
1664.78
5778.04
3227.78
8618.64
4533.46
3197.15
6470.80
3130.74
3307.23
2291.26
1931.37
118.29
1459.57
8686.10
1287.79
2341.03
1245.44
4791.26
229.24
3766.70
8130.22
5422.67
246.70
3449.05
1837.93
1031.74
2417.62
106.74
1571.83
317.42
3915.73
2729.46
366.66
2042.13
4462.30
1493.03
8756.18
1193.63
4824.06
1657.83
7146.96
3413.36
1307.53
4240.52
3660.52
1838.38
4008.88
9613.27
3836.29
1471.73
1896.16
8391.57
9229.67
6568.72
3571.99
2439.72
4972.37
2228.90
1311.53
526.68
174.71
3239.47
5458.08
5940.76
8055.05
5765.10
438.56
4532.30
1795.57
1523.93
6089.83
1015.50
3710.23
7293.22
9134.02
8213.27
1037.30
2996.25
5002.95
337.98
395.21
282.87
1682.27
4697.54
6327.18
6435.76
7788.25
7117.79
1640.24
1117.44
4515.56
1928.04
3369.98
6123.78
5044.01
3555.00
2379.97
6284.61
4179.71
5933.02
3869.42
1444.19
9355.38
1883.66
1524.17
1675.68
7653.77
6827.14
507.60
3624.91
7425.91
5097.28
6554.81
2291.23
3316.64
322.98
559.22
3482.39
3641.52
7459.81
1171.30
1619.05
2957.81
5095.65
1035.46
5293.00
1401.90
21.34
3397.04
473.12
6553.75
3767.56
8365.50
1488.10
1545.95
167.89
1566.77
9809.37
6908.72
2367.43
2240.64
1603.13
9253.82
1888.37
4462.11
4587.23
1464.25
1774.56
9236.73
6523.52
8551.35
9764.09
20.53
1387.02
1630.15
161.19
5732.24
3980.00
4354.24
1506.18
6609.01
3414.36
2117.68
1546.83
2435.59
5215.94
6650.65
3284.56
2829.64
3960.58
3081.22
5047.86
6668.46
1150.21
2720.90
4932.90
1530.65
2782.81
1764.42
4041.05
7816.40
2431.99
4235.52
3933.24
8539.84
1270.07
1647.43
8780.11
7809.65
4190.00
2093.88
2207.15
5684.49
6426.24
178.86
2409.08
5899.18
9958.68
1124.56
2672.09
6337.14
3378.51
6280.42
8635.35
3233.19
4967.97
1919.11
2212.82
182.85
1830.71
6471.94
8929.04
1391.50
1330.20
3595.07
1315.89
3950.27
3683.39
2890.32
5609.89
2436.42
2589.88
903.07
764.41
1075.59
6708.71
2308.85
5753.02
2672.70
3679.35
1967.87
1767.72
4895.27
3988.97
8830.84
3175.64
3539.31
5932.02
5565.16
1145.15
2421.13
2418.01
9408.31
1616.11
1782.27
1130.21
4396.50
4860.06
3254.10
3389.78
190.12
4301.87
5806.69
2424.98
1427.06
5391.08
174.47
1225.41
5641.77
4749.72
2949.43
4876.64
2369.29
9697.99
2547.63
2937.95
2150.86
7718.25
8191.86
8608.83
392.86
4462.99
1033.13
2651.36
1994.16
3812.40
3011.60
3435.52
4841.86
2595.27
193.86
1149.06
4384.12
261.67
2859.66
1490.61
3429.07
3422.19
8795.15
123.29
7432.40
5258.80
403.52
74.47
1201.48
1179.76
182.01
7816.01
4331.20
9725.42
7557.50
1733.56
575.97
1588.75
2572.97
9604.52
2257.09
4375.84
3583.40
997.35
1735.56
7065.35
2538.02
5595.10
4448.05
2546.68
2476.20
5603.53
1860.90
3442.21
8164.71
1280.91
1029.29
8483.03
3133.57
5711.69
5047.98
5432.18
4657.98
1309.48
2850.66
2418.66
3294.43
157.36
6057.51
3256.27
6834.23
6740.33
975.56
1845.14
1541.96
5745.34
224.75
9056.10
3287.32
1561.83
3337.60
9923.16
2393.33
6501.67
5804.34
495.26
5667.71
7621.66
1703.91
3785.85
4152.78
3852.85
2233.62
5395.20
5694.24
1853.28
5427.26
484.39
3077.57
478.27
4535.01
1944.71
5531.83
1167.60
4732.61
1991.65
7553.02
2257.16
595.90
5496.34
7909.43
4816.18
4331.66
5070.54
5038.62
1034.94
2320.80
9257.58
5221.35
8873.67
2709.99
2787.44
7618.71
5494.07
2008.06
344.94
621.89
2648.44
8563.58
3621.78
1457.44
6310.63
1829.10
142.89
1747.69
1042.94
9811.56
1074.43
293.75
6256.37
3993.36
6529.68
5243.66
1937.36
1252.30
2275.10
3156.15
1465.25
7146.31
1972.04
1778.29
1309.75
1790.61
9240.97
1392.16
2363.03
2702.91
7908.82
9123.61
3798.25
8056.36
1297.24
4093.41
1957.99
1104.62
7359.18
9308.27
549.79
1350.82
1536.70
5110.80
1185.84
1652.74
1488.30
6873.42
1901.14
9804.68
3512.92
1894.83
1070.10
202.57
1847.34
4961.84
2102.00
1198.65
1309.85
8161.88
419.23
1142.57
8333.53
3021.58
1327.02
9757.51
793.65
2214.55
1679.91
2006.20
2667.99
5929.22
2208.43
2047.00
1002.84
3192.03
1439.65
5611.98
313.17
2763.55
5280.43
3874.94
119.00
26.61
5488.41
1262.70
987.37
2011.04
1793.37
1627.77
3247.33
3533.50
1957.45
3510.70
134.34
2931.32
7826.46
850.07
1679.28
6801.56
4846.68
9364.35
3780.09
1399.06
9415.72
8095.63
4371.54
1857.93
4573.54
1283.30
1265.17
4162.19
1741.52
2575.06
5455.02
1913.32
6322.66
5981.50
1606.98
1251.64
2803.50
127.34
1385.70
9894.40
2392.85
4783.24
2670.13
1888.92
534.39
1824.34
8841.47
603.78
8609.26
4484.71
9437.20
1816.37
449.39
2429.57
2150.82
159.92
3011.45
3453.60
7435.47
3635.45
902.51
7667.17
1280.51
8319.55
5392.11
1419.61
2900.67
3879.05
179.50
1848.74
5160.09
8384.99
109.66
3535.64
5720.37
7432.97
2256.91
2379.63
8884.95
6411.67
4987.49
1070.00
4516.58
5970.89
2206.44
5422.66
2344.22
2774.49
7954.39
1566.50
7218.64
5999.34
2452.50
237.03
3928.79
3488.87
3952.81
6936.24
62.33
7224.58
5502.86
3200.51
1270.05
147.21
1870.14
7056.20
1674.06
5117.05
9807.98
1016.44
3152.01
5729.57
9731.09
1734.65
8946.07
4845.35
4459.29
4120.48
1504.21
1481.32
824.30
9687.88
8886.90
4787.49
1185.17
1299.24
1717.22
2081.14
639.17
2109.16
6998.83
5322.48
2973.21
8779.67
2307.00
4659.65
1457.58
4425.46
3294.48
3727.63
4466.38
1490.23
1585.18
2726.05
3000.49
4732.86
102.56
3807.88
2024.46
1088.56
2410.30
2975.44
2555.30
2612.67
5778.51
2969.89
1668.82
1188.83
1139.41
8702.30
2945.06
1824.43
4273.73
2538.09
1858.27
3906.02
5330.12
2218.42
1275.26
1039.45
9572.97
1761.44
4186.81
4282.57
9531.00
1108.04
7976.78
2799.00
1114.97
2795.17
8726.72
6677.86
1629.73
1713.21
4083.06
1061.52
8154.22
6988.03
2057.86
8009.22
3317.80
4220.20
1791.86
3437.55
2563.47
3524.51
1108.90
2593.10
344.62
6689.34
1466.89
4857.19
4495.05
2380.61
1650.33
7423.11
1640.45
9619.56
825.08
1746.67
5410.94
1534.20
9351.36
485.17
2146.33
1789.53
1760.04
5123.21
1423.47
7783.35
9998.00
5310.30
5179.88
4519.91
3204.73
5699.91
2297.42
4470.14
3606.15
2769.10
2822.89
1400.59
2955.64
141.44
1306.14
4647.22
1555.04
4125.13
1507.51
5107.12
2244.49
1789.11
4869.37
1069.64
1007.81
20.72
1024.23
2381.31
5728.29
9027.64
188.44
3019.61
6910.67
3718.07
1588.87
8453.44
3126.11
3550.58
3399.11
6439.90
5929.92
42.04
3110.09
4403.10
9031.89
8985.43
1352.08
2610.32
4216.98
7837.96
3490.47
1252.16
6103.79
4859.03
1101.02
1700.01
1749.65
4385.09
1738.98
1023.87
1471.21
5540.92
7450.97
5946.08
5963.32
1003.40
403.10
1326.98
7311.61
2517.01
5773.55
3158.57
4858.28
2672.71
6700.52
5806.04
7904.98
4291.31
3666.22
5495.61
9773.77
6866.05
7532.45
532.24
3164.70
3658.21
1707.70
1955.13
1432.07
1220.39
2549.00
7865.55
3617.49
1492.11
4184.25
130.24
3673.17
4936.79
6880.00
1232.12
1704.57
1489.75
2933.07
1290.55
990.06
2660.66
3774.19
5547.65
1247.82
2568.04
168.34
7523.01
2269.53
6353.21
2289.20
5720.27
1527.57
1977.12
8535.88
1807.96
5858.45
523.15
2806.47
4089.43
6525.18
6038.30
3392.36
8977.09
2115.97
5140.62
1359.92
9483.65
6709.04
9656.83
4883.21
4881.69
4769.76
3871.29
7250.47
8769.84
9717.00
5258.18
2632.00
3608.06
1265.85
9899.76
4731.70
1803.22
7603.02
1246.08
1130.93
4667.74
3378.66
3914.29
1713.07
5822.61
7931.51
1147.86
1776.78
2665.23
8718.18
4976.16
2456.94
3682.43
1230.08
1396.64
5283.85
8954.83
418.08
1882.70
7758.70
3859.74
5336.93
2343.68
4320.53
4108.73
2089.00
5652.61
945.19
2974.42
29.88
8547.68
233.25
7639.02
4262.31
8304.94
2441.02
1459.78
9905.94
1954.66
443.86
2491.68
1806.57
5366.25
69.98
4824.41
321.83
1000.25
8650.82
2075.82
4109.33
8777.55
1733.99
3749.31
980.45
5629.09
8406.54
2381.11
1279.17
3728.05
8820.74
8436.74
7001.67
8090.36
5587.38
6094.87
114.15
4505.16
3058.39
5465.79
7776.91
8226.98
8843.46
2617.39
7954.37
1105.48
3186.72
2258.00
6602.32
2791.15
2017.98
1671.74
9331.87
1749.51
5768.97
1991.70
1495.55
1305.69
2262.63
1662.70
2227.78
2915.24
2580.45
3803.06
161.58
3331.08
8265.10
5562.93
1784.31
4709.98
7347.22
8904.31
942.81
1692.43
1136.41
1225.49
6265.38
2598.13
3979.20
2907.86
4570.46
1527.47
4266.51
3497.30
4686.53
6531.90
1756.64
1458.22
5942.04
2742.47
2706.75
9913.27
2731.19
1773.20
8260.66
1211.51
3037.35
1752.91
8454.49
1843.95
3961.69
1912.16
2085.85
2753.76
142.68
7999.68
1741.70
1308.62
3214.17
2889.86
5423.56
3136.10
3624.11
2226.47
1754.91
1587.79
1007.62
3265.61
1743.09
7982.82
1116.34
1687.55
3588.23
1687.51
8583.80
3708.10
494.28
1841.40
134.58
2386.79
4951.72
11.13
1133.25
1678.47
3297.05
3575.04
6018.91
1907.31
412.08
1706.18
4384.34
6347.75
7458.03
4484.56
1912.11
1722.76
5361.54
48.42
4025.62
1789.79
1206.11
5946.42
149.31
9894.73
4076.61
999.43
964.88
2042.30
6270.18
2428.05
7045.72
3744.31
3539.37
3071.16
5048.15
996.16
2091.62
175.54
6913.52
43.25
1314.01
1196.31
2341.13
4459.73
1263.83
8236.37
7316.13
1921.28
838.03
6058.04
995.01
1627.91
5740.97
2663.82
463.09
1755.52
2921.19
1661.47
6505.89
8466.72
3429.78
1549.87
4530.94
1907.08
7621.97
1405.63
1186.69
44.25
2899.33
861.35
1815.43
2757.97
4152.95
6180.30
1130.58
2832.00
7433.05
3155.47
1417.12
4471.46
3266.11
9352.68
1947.03
1529.88
1086.02
2892.38
1453.92
1628.02
2297.13
2539.01
5542.98
7788.55
3781.68
3862.85
6160.88
9593.03
3420.76
1507.49
4773.44
4617.45
3220.81
5913.48
193.93
1489.54
3014.27
9366.44
1328.15
8806.40
9424.62
8074.21
808.78
2904.57
2113.25
1322.55
1677.84
5567.92
2235.23
1784.65
1522.49
953.55
4870.16
4599.67
1676.28
2952.41
5457.46
8092.12
238.36
6632.55
2347.80
5463.09
1822.35
9977.73
7815.02
1018.15
9516.21
8342.44
2471.61
3289.82
2642.71
2264.04
5182.96
2009.41
8745.02
2034.85
1426.05
7162.85
9452.57
6658.43
1474.13
1283.65
7321.50
7900.80
1718.95
257.80
3689.28
4417.49
4737.88
321.99
4616.90
116.06
4561.26
4002.97
7693.76
1963.54
2394.71
852.12
1575.75
4870.19
6208.84
5087.80
1622.88
2366.60
1786.93
3512.77
2382.81
5208.41
4923.58
8325.49
1807.91
1410.72
1861.42
1180.18
5286.73
8893.68
4303.23
8975.56
2740.05
2406.12
5308.39
5795.48
1041.87
2926.24
1215.92
1885.52
8800.03
8235.00
1174.56
1137.93
5236.01
8033.21
3861.54
4163.18
4980.69
1976.30
2163.62
7798.62
1288.34
1306.17
1424.66
50.76
4123.09
1344.76
1691.31
3016.95
1010.46
6416.46
6103.19
5134.30
1754.75
2755.00
3020.74
4013.49
1849.77
4212.86
279.17
4978.52
2003.79
7635.66
9467.31
2777.82
1256.61
2737.55
1255.10
2646.14
4424.35
824.20
1279.49
1762.58
1020.37
536.94
5397.63
1515.76
2092.15
4281.48
9970.44
5648.99
5176.78
5173.50
1742.45
3117.04
1204.95
2314.04
4065.32
364.93
1835.91
1239.79
1255.55
906.50
4225.63
4779.91
3704.66
6220.08
1747.66
4062.04
7087.86
8956.99
1767.60
1437.88
3836.33
1100.88
4221.13
3393.94
7573.00
188.95
3724.44
1597.63
7121.40
1566.73
2639.40
2897.81
1687.90
5902.93
2546.29
3537.16
2389.46
4829.40
2865.77
3832.90
5986.14
3371.65
5385.43
91.54
5220.93
1930.96
4761.06
2055.31
6334.36
2557.56
2182.08
3229.95
7704.19
1560.50
1182.27
2222.72
4101.25
4508.69
2160.44
2139.58
3765.58
1043.20
5549.25
4017.87
1404.60
4494.69
193.38
2411.71
4107.22
2376.44
7862.17
1757.84
5651.84
2685.86
3396.02
6249.08
205.41
1837.88
3073.11
2254.55
8101.23
1993.80
8589.22
1895.73
2974.36
2921.85
5497.14
263.91
1225.15
5553.30
1113.88
2609.95
1052.42
4067.47
8935.26
2104.62
2406.90
5578.34
3652.02
7448.90
2500.11
5822.05
9570.54
1662.65
1597.49
3845.24
241.19
6091.20
1311.45
1496.96
1401.34
6710.32
2600.22
494.67
590.92
4946.67
8650.01
2713.26
2859.18
2468.83
1811.73
4672.06
1166.79
5123.03
2860.58
3472.43
6204.82
1979.75
1611.91
3421.66
9258.20
9142.40
4530.27
9047.67
1614.33
150.02
3086.71
8478.75
4723.92
5839.45
2454.82
9498.11
1011.75
1082.75
2164.08
1865.89
1599.12
583.15
8426.31
5481.28
9690.55
199.28
1857.98
6507.19
1147.07
5317.87
3156.67
8093.69
1859.81
3655.00
2853.40
7013.97
2925.18
3644.67
5757.52
2501.35
3532.94
1591.11
2258.86
2676.73
1372.91
6279.19
2767.43
1344.81
4537.61
4283.96
9134.44
1892.62
1696.24
1253.51
2704.66
1247.72
8356.93
891.54
208.92
1114.47
7382.11
9990.64
1224.05
5298.76
9309.53
9343.49
8060.24
6076.80
6243.79
5340.93
208.08
3741.04
2574.60
6441.98
4465.04
1878.17
3013.45
1000.79
9149.62
8281.66
5034.58
7152.25
1222.02
981.93
1268.36
1409.95
184.72
4463.50
9585.98
7458.22
4946.66
1196.74
9642.38
1708.65
7476.15
5158.27
2809.27
1630.17
3050.80
4774.68
6187.04
5762.16
5381.33
2283.87
1692.93
485.02
2384.77
3294.87
1245.95
4503.89
6669.64
5335.87
2949.29
8533.01
265.31
3802.49
146.43
2505.83
1542.26
8754.59
2260.63
9855.10
8507.75
1442.20
203.01
4811.98
3635.56
7224.85
2152.95
8447.60
1412.86
7547.13
4141.60
7343.04
4795.05
1367.52
1864.39
2055.54
9253.66
2065.06
3012.02
3473.08
6268.21
1901.36
7972.86
5915.26
7609.80
9214.76
338.99
5628.96
43.98
5503.20
7224.13
106.03
1064.84
1969.25
4038.68
9829.24
4196.24
1475.49
1831.92
4909.46
5031.57
2790.77
9694.12
3533.09
3754.64
3917.59
393.66
6387.43
504.48
5874.25
6896.97
1946.35
5429.85
6559.41
1631.80
1376.92
4000.47
52.72
2933.20
1728.29
4898.42
1489.64
22.33
4395.92
3685.53
4483.56
1990.71
9764.97
9845.26
3997.50
7673.61
7736.88
3438.44
1547.77
1544.89
1893.32
1812.45
5825.50
1817.95
2213.93
5508.63
5783.98
5155.37
4038.00
4387.20
6244.37
3322.70
9479.70
2663.85
3797.28
4663.44
1412.66
6302.88
1412.30
3916.99
6618.34
5641.99
4211.60
3242.14
1653.98
3337.05
1422.56
3259.31
3658.02
1080.78
1361.18
7794.55
360.95
7263.35
3347.99
1304.25
1486.33
3116.75
8007.29
429.57
5137.81
2092.74
4469.74
1607.30
4877.79
5042.91
5059.83
6125.06
822.86
1462.42
1529.53
2523.36
6376.37
4562.17
9054.78
3410.95
2070.37
2366.15
1900.94
3054.22
578.94
284.09
1785.70
1322.91
1133.32
7845.63
1742.43
5982.09
5545.06
4994.15
2308.91
1977.18
1520.05
5613.35
4641.84
8931.52
8979.48
3722.95
1621.36
18.39
49.04
1838.51
4198.84
1220.95
1320.76
5646.46
2104.68
5239.09
5200.60
8386.58
4199.71
4475.13
2995.98
2269.07
5919.38
4204.35
7246.15
1303.48
2818.30
2993.74
1841.21
1155.74
1864.03
7951.59
8467.72
1535.35
4939.89
1690.12
3842.69
2685.66
687.58
5471.62
5995.21
1853.23
1223.02
4384.75
8492.00
3335.25
1938.04
313.62
6894.10
1466.71
1632.51
2050.48
1234.84
2395.84
7483.63
2223.28
1411.92
7155.53
9303.32
1410.01
9679.74
1735.61
1332.23
1752.49
2254.40
568.63
3543.19
261.90
3611.14
2318.99
1530.60
5006.63
2146.61
1715.97
2005.58
1187.26
1877.48
1701.56
9815.29
4459.65
987.42
5793.80
9384.35
795.93
1325.60
401.05
1611.82
2726.80
1432.48
9948.09
1288.44
6076.86
1885.15
1102.20
1514.15
1629.75
4840.52
3795.83
1274.85
5659.52
3892.64
278.05
1879.97
2114.07
1827.75
3570.90
3173.14
19.37
6018.45
764.66
3291.24
1489.38
5140.05
4148.99
1732.74
2995.07
477.56
988.64
1814.72
1572.62
4290.52
4360.25
1528.57
3263.52
6835.52
1993.94
4315.58
5299.04
2527.13
3918.39
4630.79
1450.52
8080.79
2516.45
8905.55
9870.72
2981.37
2222.88
5342.26
1943.17
5705.46
1482.31
9196.83
1491.53
397.71
5624.86
2150.33
5533.48
1766.50
2544.90
1927.26
7176.19
1125.06
71.81
944.08
3236.02
5715.48
1175.47
4523.57
9710.35
1671.18
7023.86
2322.37
2803.05
7357.57
1692.48
1233.54
1293.63
3271.91
4436.61
1405.46
6576.03
2864.52
409.02
5003.85
3456.17
6503.64
1055.69
1298.00
6159.62
1195.51
6823.69
1084.63
4306.35
772.18
3064.50
1913.79
2649.30
3100.57
2487.04
1640.35
2906.46
5613.13
2153.27
2383.00
2466.78
289.66
6990.33
4596.85
4223.70
6232.51
8573.61
2476.44
7096.37
9630.82
1745.36
1520.49
3949.52
3587.34
8448.15
3837.48
4005.42
2899.64
2833.09
3405.93
434.01
126.57
1562.23
7557.67
1843.15
5479.55
3536.13
1296.54
9463.58
9439.83
2872.74
1606.57
6461.72
164.44
3414.81
4162.80
8572.34
1923.27
1786.63
4743.55
1818.35
7050.12
2329.32
1348.98
2828.30
9280.49
1870.86
4320.61
1869.01
7974.55
5716.27
1641.86
5335.46
225.54
130.85
3739.91
2822.21
6446.51
2311.14
1239.88
1887.34
1047.97
8924.87
5685.59
4894.78
9676.66
3745.56
2955.43
6300.41
4027.41
8277.38
1169.03
7684.95
3156.96
8898.62
1128.80
6231.82
4265.34
3642.62
4815.98
1237.15
6839.35
4315.50
516.07
299.14
1292.56
5895.92
7197.98
2679.97
1635.43
4773.20
1998.42
1072.69
3911.22
6802.87
1484.79
1849.18
1594.59
1000.84
1896.45
355.92
3141.53
8871.05
243.56
2843.60
954.48
1539.12
3990.26
4779.86
1266.57
4774.15
3491.61
2191.25
157.24
2427.79
5163.34
6669.76
279.84
1167.42
4998.69
1188.43
3135.55
402.52
11.58
3218.20
3349.06
2027.99
2118.95
6849.28
2250.74
9304.40
472.90
2711.60
1600.52
6072.16
4287.99
729.91
3472.98
4673.29
6786.10
1310.91
1096.96
1802.88
1031.84
4343.02
1296.59
1694.42
2254.10
8362.09
4127.42
85.36
2522.65
6059.66
2390.18
3459.77
5772.10
8613.24
8709.99
2511.52
1404.24
5302.77
1956.64
1411.74
866.59
1306.06
1089.40
5188.54
1112.09
1948.92
6256.69
4429.27
1031.68
1116.44
633.98
1577.99
5775.40
4192.90
8588.65
8982.20
8305.89
6102.41
3065.39
4140.44
2886.96
5222.83
3105.23
1767.33
4710.83
3245.80
3096.01
4070.21
4607.45
1570.35
1914.21
2382.05
3105.57
1848.36
1385.81
2625.16
4617.44
2390.41
2129.88
6923.34
1158.20
1838.93
1581.77
3854.88
2402.62
8867.07
4683.20
1586.29
2439.74
1495.84
4177.75
2452.72
2253.36
1036.51
7401.60
3683.36
3832.10
8774.09
1728.48
7787.63
7172.91
1524.09
558.69
7385.58
3345.51
44.51
8706.33
1994.55
5194.62
159.89
2046.66
2243.08
3477.89
9516.33
4830.37
1107.74
8837.61
263.65
9136.69
2165.51
2227.68
4765.89
638.00
901.43
1596.03
2503.21
9213.48
1793.89
2693.87
265.21
4459.63
2322.00
9860.53
1102.98
115.74
4715.80
1140.66
1132.03
9191.32
1060.45
6591.80
7744.36
4057.28
4997.74
852.04
1134.79
1727.09
3795.00
5395.27
9536.40
1864.20
3714.11
1011.15
5175.82
1152.23
1720.04
9199.08
1426.26
3720.68
156.44
4713.56
9780.04
2066.86
3522.21
9318.10
1169.65
1110.07
2783.87
9616.10
5572.80
3706.76
1711.94
2922.67
3271.53
2187.23
8855.27
8820.15
1677.02
6188.50
4833.95
5021.59
716.32
1432.09
1270.07
8635.09
6730.39
2515.43
2538.02
2761.35
4843.25
3533.97
219.92
3382.38
1053.33
4532.08
167.14
2188.77
1368.45
4120.91
4441.23
3260.84
7375.22
9753.09
1813.11
1304.23
5120.62
1587.39
9320.23
4286.20
5904.44
2756.91
3388.23
1114.17
9977.63
7757.01
746.15
7079.27
8956.74
7850.98
1802.26
9186.29
210.63
2206.22
4826.88
4350.43
7168.89
2894.48
1197.47
1839.72
8184.82
2319.74
5849.83
284.13
1970.91
2101.87
6905.07
145.92
4463.95
2909.79
8695.89
3012.06
6615.16
6292.12
3707.71
172.37
5216.10
1126.23
1563.56
1180.88
5958.78
1263.59
5453.31
5148.45
5445.22
8974.32
1991.03
1801.74
2024.28
2352.26
4644.17
3284.22
8423.50
1580.13
1688.73
1046.06
8218.45
3208.32
4976.35
3906.60
1118.15
3237.37
4661.88
4728.43
7474.41
1695.70
138.92
2876.02
1660.28
5196.12
6648.42
9864.23
3198.51
1582.81
2951.02
1713.15
2009.49
2891.45
3844.78
1489.62
32.17
4536.81
694.70
4502.82
5529.53
8127.82
1967.17
3606.63
6047.69
5060.83
3829.73
7263.03
2974.05
364.11
1139.63
2627.81
1236.19
7836.43
244.95
8495.31
2949.87
4671.94
8573.78
2419.15
1430.75
6338.93
2230.00
2655.72
1300.97
9572.11
2188.74
430.48
4650.02
1027.09
978.23
5846.11
7368.34
9554.88
9666.68
4919.22
4548.24
6604.68
4170.01
7221.96
563.61
8462.75
4898.13
3093.80
1755.49
1715.27
160.63
8366.46
1690.68
6630.61
1336.72
2040.01
9797.73
3209.31
8102.57
1561.79
2264.73
4296.17
1388.77
8359.55
206.49
3567.95
2153.84
5400.56
2861.49
4671.93
1496.52
1357.74
3590.52
7531.37
3343.86
5461.89
2914.65
1211.80
1192.78
3762.14
1819.38
1646.65
3096.84
1927.55
8207.40
6680.75
2868.86
1091.34
275.58
1031.89
8304.38
7402.27
7071.12
342.94
8460.98
8337.05
1427.15
4647.58
4617.79
3084.14
572.49
2695.13
1097.05
4765.63
8998.41
1132.17
1485.62
1634.58
3427.89
4829.90
4742.15
2133.07
4816.61
4131.21
1061.67
26.02
8038.90
1519.99
3899.42
3520.35
3050.83
1442.98
8560.54
2462.51
2587.98
4064.67
1873.38
2083.27
1595.00
6471.07
2545.46
1508.73
1962.24
153.42
5098.24
1309.49
8005.18
9696.16
136.86
1660.01
4151.29
1703.62
1846.18
8728.97
3549.61
9092.56
1177.91
5092.34
1376.95
9681.86
8178.10
8414.37
2587.39
5739.26
961.31
1819.46
3645.09
8504.74
8460.00
472.51
7850.57
631.52
281.02
5792.40
2056.37
5317.99
1767.29
623.14
297.81
1966.17
6641.31
2566.12
3514.10
5092.76
2985.52
2377.64
6940.40
4112.05
7979.15
853.74
5379.99
1272.66
4999.38
1674.23
307.90
6421.72
5316.79
1468.63
1331.94
3611.90
1223.74
2523.44
1431.29
2212.89
1796.49
4989.30
241.85
596.16
4756.93
231.10
173.96
8512.85
9232.96
2394.54
7827.10
6200.47
6369.07
3019.47
2931.34
1907.88
4868.23
374.12
2422.05
7530.95
3722.92
1017.82
5948.61
2268.86
3446.53
1142.62
1787.91
1614.19
7959.29
2445.68
6096.93
244.51
3658.94
1755.69
2409.99
5155.66
5426.87
2927.56
1765.42
3732.79
1126.25
3851.21
5736.39
8527.20
1005.30
5151.85
2291.82
1374.86
1742.94
3433.80
7367.23
9659.04
9040.72
3800.93
1050.64
1870.78
1256.95
2936.93
13.82
1026.26
4133.25
3597.74
1378.76
5079.91
9150.15
4546.91
1331.83
9314.47
3479.03
4808.03
761.88
5051.65
8072.71
2477.12
2970.65
1887.63
5852.02
9260.71
3787.26
1642.94
5095.15
2482.17
3958.16
3807.73
1139.70
2525.05
6971.14
3778.81
5550.42
793.12
3949.30
9142.43
5201.55
4856.12
1269.52
1154.98
2974.90
2058.99
3822.15
3047.81
1707.12
5772.79
453.58
2561.51
1062.07
5114.86
1929.32
6005.44
6254.61
4064.86
362.01
5017.78
1893.36
54.81
4441.23
3869.79
2046.03
462.21
3265.81
7600.38
2641.06
2755.76
1206.50
8154.64
7919.21
8844.26
2415.67
1561.52
2979.92
1054.18
3272.37
438.51
2086.14
5104.62
3652.36
4324.55
9916.89
2745.12
2715.07
1412.01
4266.50
1621.37
1966.03
473.83
3527.12
1485.84
9819.84
9419.05
9235.00
1686.17
5029.79
9939.40
3402.32
5742.14
5217.20
7473.82
3293.72
6972.86
324.97
9586.87
3862.16
7365.33
1125.77
1584.68
5646.11
4334.26
2391.05
5852.99
9738.26
9603.27
5473.27
4298.70
1000.43
1862.90
1646.78
9061.81
2201.83
3221.03
1049.06
8163.94
161.00
9845.62
8541.81
9729.93
2051.45
1173.59
7901.09
1476.83
7877.92
1846.19
159.38
2369.55
1875.80
4984.41
7897.00
5439.79
1123.95
9469.24
1084.08
2319.84
5549.30
2089.80
1556.31
5518.08
1180.18
3536.86
2683.82
3300.68
2879.63
9406.84
4193.24
7856.26
3395.05
2794.87
2458.11
1062.84
1111.23
553.54
1493.48
1686.55
1412.03
4090.28
5179.12
5059.84
5635.10
7576.19
1354.63
5042.14
3188.07
4801.02
1333.53
4760.52
4529.36
5055.68
2750.50
1179.93
4289.60
97.06
4074.31
5894.97
1722.37
2885.61
8676.28
4224.11
8250.50
2845.03
2985.15
105.44
3986.30
8332.89
5224.38
7153.01
1577.34
145.40
4981.09
1941.52
4257.36
8758.90
1978.73
4169.92
1976.91
2364.03
3826.43
5205.17
1712.19
5077.06
2097.24
8150.98
1766.22
8080.60
3105.74
8467.41
465.67
1420.34
2828.59
2565.56
1719.18
4292.24
126.91
1583.73
2997.38
6655.82
2693.10
2473.32
5087.79
1353.57
5904.44
3346.41
2203.37
5899.79
3086.05
1429.89
4550.45
5692.77
4163.00
2121.68
8773.94
4829.53
1228.56
9348.11
5548.21
5761.82
3451.29
161.99
3653.93
2818.07
6420.86
5788.69
1784.31
5842.01
7614.58
2050.37
3550.57
2427.50
6516.28
1736.90
185.26
1296.29
6492.06
1983.66
5672.22
3208.79
121.76
5536.37
332.27
1328.51
3325.91
3436.51
9154.04
2281.81
7451.63
3623.28
1008.53
1501.86
1424.34
1827.44
1816.68
5706.96
7358.69
1673.17
1464.02
4830.77
2502.92
288.43
411.94
8402.60
1381.42
4248.61
4812.11
4576.62
7778.75
4494.07
7747.51
2518.46
1796.05
6855.93
1525.72
1889.14
21.81
1116.10
2013.74
695.17
3265.83
1077.13
5583.90
1232.43
2533.74
409.44
3884.29
183.74
1966.26
2358.08
635.28
1213.40
3941.17
5096.68
2348.27
2634.22
198.28
2785.67
1187.69
2943.78
790.23
7173.84
183.41
4602.42
1299.98
4513.92
2393.11
2484.01
1116.42
5109.29
1646.77
4868.84
9382.03
4939.43
5836.83
2338.22
2862.32
1103.86
4671.24
4051.62
7198.32
8792.56
1264.20
7253.51
1444.14
204.78
8964.36
3373.31
1386.70
8555.28
3715.42
1568.84
116.76
4021.96
3160.32
6056.97
3013.26
637.01
1230.78
5835.53
1299.26
2811.75
6784.06
8798.34
1786.64
1603.67
927.38
1790.59
9533.42
5824.69
8995.97
2427.23
3075.75
2559.92
286.25
3868.89
4068.98
1520.15
1959.85
4092.73
2275.89
1069.31
1635.71
5280.59
49.33
1174.33
8643.67
1734.25
9195.45
420.86
9724.76
3194.95
2097.59
3950.50
1577.72
2840.61
1715.32
3335.67
2524.27
5468.89
938.25
1953.53
5203.40
5427.84
5467.24
6759.60
8343.77
1087.62
2954.85
2943.28
5059.76
1910.97
8064.39
9074.40
5897.24
7972.93
2229.33
537.82
223.26
3512.56
1977.09
1763.81
2512.94
1409.05
2872.07
5873.83
1457.09
1999.44
246.57
161.99
1360.79
1259.83
3066.85
2109.63
1624.70
7891.43
3338.11
1402.04
3876.06
3616.90
9650.14
120.82
6415.96
2542.63
5685.90
2457.08
700.39
1014.05
4819.32
3935.56
1951.16
1506.25
9050.14
1039.26
4103.70
1174.69
1800.36
2551.47
2791.89
9424.44
2202.21
4454.89
2412.56
8336.42
1340.40
1041.59
2878.08
2219.43
172.15
1636.44
4579.01
8943.90
4460.87
2591.83
4084.59
1981.17
7508.43
1702.32
5845.27
3398.47
2945.50
1269.06
2187.50
5794.05
1040.17
5676.21
1816.75
9692.33
1270.45
5856.04
1090.69
1721.10
9617.01
1543.75
1262.02
4530.66
1449.77
1768.37
4563.09
1765.14
2472.98
6663.39
1852.48
6548.98
2137.20
2587.97
4000.65
9693.33
1219.12
1107.66
1317.08
4496.60
3019.62
5179.13
460.79
1232.68
1340.37
4888.77
2306.12
7584.67
9055.06
1663.02
2504.32
4990.13
3390.46
1527.53
1790.58
1561.87
4595.13
4631.73
2295.18
3907.61
9449.72
2403.38
1420.62
479.71
3767.75
9042.63
1553.11
1721.90
2627.76
9771.52
2237.51
5931.75
129.73
1955.50
4552.57
443.14
8499.59
1920.85
1382.86
6905.13
1579.84
6431.95
2488.50
1221.87
2387.71
2973.73
1953.17
131.65
2461.63
7956.23
1157.39
3173.48
5084.47
9739.77
4514.08
2297.24
3038.90
1422.65
145.77
254.40
7461.16
422.80
183.80
3598.22
2638.19
4372.45
3691.97
2617.30
2047.04
4451.38
4157.20
72.35
1530.22
173.88
5775.30
3500.26
4458.27
1832.89
1778.20
1638.76
2008.57
7560.66
1850.89
9995.51
5748.71
3929.76
4586.72
5742.24
6669.43
8775.61
1468.40
3252.34
4943.70
4469.23
8866.49
5190.07
2912.37
24.74
4507.03
2460.85
6721.80
8355.19
159.92
3929.17
1427.07
1879.03
5456.72
5439.61
4562.19
517.72
809.52
5783.08
1104.24
4604.15
1701.78
2245.06
8021.87
5430.66
2373.59
3530.80
7690.76
2169.12
1124.54
4695.36
1570.00
1772.94
1802.99
9401.32
1334.53
2120.10
4036.39
4807.60
1185.11
532.58
4093.82
2236.48
2502.04
532.21
3552.52
1857.20
1206.21
3933.41
340.02
1153.61
1376.11
9271.36
5539.31
2386.66
5572.64
6149.95
9522.06
9769.47
9072.42
2424.53
8456.35
489.17
541.46
3896.00
318.63
1297.27
525.92
6653.64
3419.09
7315.50
1743.78
4983.24
2620.74
1803.02
5103.62
7644.78
2629.46
1622.24
2688.99
1464.86
4432.45
9151.00
2363.23
4904.96
2531.86
1869.33
9266.85
1439.03
5848.95
734.32
8289.62
7738.62
7721.90
1198.09
2201.88
4918.80
1911.17
2212.44
3346.30
1459.44
4556.63
3099.01
3300.07
4034.89
1053.92
5261.02
1786.38
3513.97
4509.94
4888.91
5157.05
5398.22
3947.67
1011.18
1854.20
9630.30
1541.43
5091.69
8173.47
2432.79
4594.01
4906.95
4368.94
8098.49
4906.68
5669.42
3684.62
363.79
5531.69
1477.69
1649.70
1742.06
3722.25
8411.12
1009.03
4304.89
2818.91
113.71
4364.80
1275.75
5846.34
8539.45
1896.44
7038.05
740.67
1421.25
2449.23
2013.10
1912.01
5936.04
4075.73
2326.96
9478.39
9300.98
5132.67
8570.68
5272.75
1214.78
3460.66
2757.84
3102.80
1927.14
5847.37
568.59
9143.98
1457.69
2255.05
1411.24
5763.63
6634.52
2253.78
9992.29
4938.87
5117.41
9233.91
9030.29
1624.15
8048.51
9805.21
1541.19
1554.77
2163.20
6736.13
3526.54
3684.87
1699.67
457.66
3070.22
1227.40
1638.33
9374.55
1697.57
691.66
2190.03
8112.08
1234.09
6489.84
1366.15
1935.88
1880.32
155.45
2514.85
1617.68
38.50
2188.99
5075.38
4095.75
1813.71
6523.53
2697.85
461.49
3425.50
5837.95
23.78
4785.11
5224.86
7851.34
7518.28
5689.90
5411.33
4293.48
4714.47
1296.92
1002.33
3504.25
451.09
7044.01
191.77
1271.17
2228.44
5392.54
9666.33
1066.05
115.41
9361.57
1581.19
1699.60
4466.14
1910.21
3755.72
1784.86
4516.50
597.26
4274.27
1982.86
8558.65
6386.11
2331.51
9746.22
2450.57
849.30
2909.07
9629.10
714.38
2887.36
3988.75
4113.25
1083.00
6382.04
5778.94
5851.10
1077.41
5794.09
3081.93
9599.06
7827.22
5669.50
7157.69
5610.39
3349.83
4157.71
195.61
1351.07
1698.24
2600.10
4171.58
7249.42
3565.78
4443.63
158.49
227.67
5732.93
8438.07
1235.97
5533.37
9851.07
1664.34
3687.63
1494.78
2632.32
1062.98
1237.99
2193.20
1343.21
1640.56
3592.77
185.94
1963.54
8507.06
2151.41
1061.76
221.60
1654.97
8029.82
9314.24
1640.31
5172.33
2327.26
1766.11
4714.04
1413.30
2047.71
2055.63
7150.07
1983.12
2417.68
5861.59
1270.07
5396.80
1453.94
3727.13
4371.20
2116.84
3477.93
1159.26
296.96
2096.95
1051.39
3946.74
6392.63
1493.83
1051.78
8520.60
2847.10
4090.74
2090.59
2552.11
4717.00
415.24
4409.83
2037.84
1856.58
5717.26
2426.51
167.91
2375.46
7396.98
1628.43
1667.51
7319.52
7304.29
1222.26
1882.37
5102.29
6803.09
1890.01
1266.82
2401.78
4239.86
2439.30
2260.27
9269.65
5510.05
1880.23
2861.92
680.75
1728.77
2733.95
2194.54
5724.68
3398.87
4378.69
8664.38
2500.37
2530.60
1633.03
1647.04
302.65
134.67
1464.40
1728.64
1447.28
1096.43
8650.86
1389.78
5689.05
5233.97
1474.80
8842.61
1619.62
5556.11
1771.58
2790.10
173.41
1925.26
252.06
1531.28
5751.44
7303.40
8654.80
4076.64
2033.45
5998.32
2484.22
9003.32
3521.18
1214.83
5953.92
1700.44
7785.43
1905.41
2900.71
5405.81
3931.88
2568.95
5392.19
1256.59
1101.20
323.77
3142.71
7562.67
2512.82
132.22
9746.14
1034.81
1634.52
1455.94
1073.47
1797.45
301.99
1303.40
8785.65
4139.95
244.30
2757.41
1996.19
1231.47
2975.41
463.95
