1991.72
1858.66
8242.38
4189.46
3868.89
3137.02
6199.02
6515.55
5795.19
1301.78
512.72
999.28
725.23
9294.58
5373.05
8579.61
3908.36
5831.22
4766.02
826.87
4997.52
4504.70
4567.59
1716.19
3670.32
9838.16
6010.51
828.75
7142.72
1995.85
5746.38
793.98
2897.73
4240.68
5274.81
9004.26
5026.42
2381.05
8613.74
3993.78
540.26
2853.85
9510.13
6106.61
6923.90
7998.60
3048.13
4180.76
7009.95
7151.80
9207.40
1881.96
4993.52
8158.21
8831.58
7106.28
6745.18
3998.72
5137.45
4455.11
7948.71
5642.13
981.27
8148.63
4676.52
4138.18
964.16
7713.38
3425.19
9420.46
8108.13
1672.26
7742.49
7358.82
4976.36
169.23
6247.68
2742.38
5000.61
4638.72
6879.55
8686.07
5078.94
4676.43
6301.98
6380.50
4570.64
7521.49
4018.55
9475.80
3501.72
8894.56
9244.63
8697.12
6297.66
4438.78
2851.66
3004.97
4364.91
7495.03
7361.20
6747.29
8825.72
8350.81
5953.57
3401.67
5683.33
6781.96
6021.58
8681.94
2850.10
1470.41
7885.67
6896.86
7366.27
1950.19
9161.48
8538.36
1218.92
379.74
7556.22
9353.58
2289.64
7798.67
4573.30
7863.72
7971.15
6856.40
4408.73
5741.55
4519.31
225.25
4188.38
575.24
7365.16
3877.27
4923.14
9931.20
2270.47
5873.57
236.80
2064.35
6680.41
9220.49
9831.52
3441.33
5530.48
2755.80
1880.35
7930.84
6385.49
5121.89
1736.13
995.56
9361.15
6787.32
2163.02
1220.43
5811.18
5678.73
3676.34
7421.72
6748.07
8223.38
5328.13
1243.87
5451.73
1307.14
339.55
9124.93
1168.31
3036.83
3248.49
389.51
6192.36
6797.30
691.50
2608.28
5195.69
2888.35
4961.03
8571.16
8157.13
8860.39
3004.05
7019.92
5641.70
594.27
7088.88
1568.09
3271.22
9015.42
7586.78
4194.01
5981.37
585.83
5874.61
2438.67
8254.13
1036.03
2708.44
6918.43
5322.79
2095.57
6021.52
3126.70
8435.37
717.25
6774.35
8000.79
9023.72
7966.86
7831.11
9062.87
5969.44
9125.06
3800.58
2232.78
9959.50
3314.09
6057.60
490.99
2264.29
1278.17
1589.17
6483.44
6121.62
4609.38
1175.28
619.41
760.51
5876.82
9669.25
195.56
3260.00
7400.74
2793.24
6885.55
9785.87
125.67
5524.42
1825.36
1334.35
443.60
5558.04
4914.61
866.94
7153.54
206.94
2375.09
2900.96
5991.71
3484.99
7222.29
5611.70
5741.53
4297.72
8264.35
2817.63
6107.35
4474.36
4597.39
2032.28
1976.97
7457.00
9259.84
7672.73
2176.66
8577.79
1571.79
875.10
3764.90
3664.36
4236.42
5030.86
7229.75
7796.62
26.76
3876.24
2264.01
9738.84
9511.72
4666.59
5191.47
4307.01
3808.90
6972.15
7946.22
2193.72
6009.83
1558.61
2275.45
1445.68
9814.83
5976.35
9589.69
6737.16
1205.60
2631.11
4273.75
287.21
4904.39
565.71
9224.10
3047.44
1434.49
8302.27
2014.53
9527.32
6072.87
5290.85
7232.21
8859.88
161.32
3634.30
4788.12
7756.29
3145.86
5544.91
9838.80
9867.69
9836.54
4936.27
7557.12
7281.38
881.44
7341.68
8861.13
9565.75
651.06
3791.59
3058.12
8070.90
742.07
1685.53
7353.02
1131.35
9453.80
4418.77
2163.88
343.97
7593.69
1624.78
1122.36
1238.66
1136.33
3686.22
7151.85
420.47
1205.91
1580.57
4449.94
3981.43
2983.00
5623.61
9437.69
8526.22
132.32
1408.71
1291.66
4091.47
1646.16
9581.41
7114.14
5869.26
5472.21
9180.16
1084.88
4989.54
6063.20
5053.65
1950.81
381.36
984.86
4148.75
6715.70
4718.35
5774.36
2686.47
4802.89
1092.08
6238.93
9316.66
4705.13
1985.13
7773.62
4091.64
6266.55
5257.38
2904.77
8399.59
5972.90
4154.36
3768.25
5031.77
1826.25
7433.33
5342.43
1991.84
9240.96
3167.70
4981.03
4448.14
303.60
896.57
6839.18
767.53
8719.61
2348.40
2263.72
3084.59
1042.97
5534.71
2640.87
7731.71
7782.84
7439.06
8596.82
696.00
9269.65
2432.39
7614.80
2554.55
8547.33
9808.80
1749.37
699.75
221.67
7302.85
3853.33
1802.89
7158.63
454.95
3259.54
3687.31
1948.79
1755.86
792.66
5244.77
3256.25
1727.15
7105.69
7928.23
1275.21
2793.93
7771.59
7786.56
4570.31
407.43
2802.61
936.54
394.41
4013.36
777.77
5664.44
475.61
2808.24
6023.07
2489.65
1015.03
3855.40
293.65
3788.76
9053.55
9536.00
7343.59
5157.12
1447.66
1752.18
4212.13
6512.47
7071.62
3872.69
3273.97
8903.53
7161.27
2994.59
9007.27
8906.96
8263.75
5257.36
4623.09
2983.46
1012.92
1251.39
254.05
5850.57
8948.81
1598.49
1268.80
6997.58
9258.81
1735.13
6494.35
6628.83
7761.29
7345.42
6557.26
3378.53
9876.74
4221.22
7923.85
5769.02
6574.38
4762.66
1668.36
550.97
2704.79
5385.92
1967.22
3651.41
4129.36
2420.88
2684.56
330.62
1172.05
6913.82
739.52
5763.02
2956.70
9263.60
8650.59
7836.36
3396.38
5603.34
8889.54
6918.77
6581.93
6575.63
6348.10
8481.94
1149.50
496.99
1288.63
6402.77
4687.53
1151.92
8493.50
8977.31
6423.62
421.44
9176.63
932.01
5231.69
8677.74
7418.16
1397.53
5443.80
5764.96
6867.69
3107.74
5904.72
7504.44
9488.03
4948.83
8858.28
3238.21
430.37
9626.62
7394.51
5802.03
7007.68
5488.99
9204.32
9617.45
4511.40
4324.20
4111.27
1586.07
5728.69
4807.19
8341.92
6998.11
6467.01
6756.32
8178.68
4307.23
5912.33
7892.69
3621.22
1685.23
6159.20
101.92
2353.62
9114.59
3827.69
1021.75
4108.34
1473.91
9563.62
7166.30
3384.35
6824.20
5092.21
3263.58
7923.50
7790.90
6743.55
252.72
2774.80
1829.89
4595.31
1602.29
1737.62
4372.82
4365.56
2467.49
2781.39
6142.81
3213.44
5126.62
4614.50
4857.50
2402.65
4275.50
3111.60
6064.86
604.34
7316.59
4630.36
9534.89
321.25
8580.44
7362.97
3741.69
8774.28
7382.20
8667.13
3928.77
7867.13
8388.68
3544.23
8877.28
8717.04
918.64
3753.15
6330.51
6784.28
4520.46
3780.09
5395.08
5441.23
8065.33
4921.63
8691.57
7251.37
4446.96
4154.48
5549.43
6419.14
3243.25
2674.10
7370.61
9265.04
8528.60
7316.03
8265.18
190.34
7220.45
4470.86
685.89
6805.62
6996.35
8689.37
2552.18
7354.22
9493.74
3351.10
6263.98
1373.79
8196.13
4520.23
8041.38
6520.37
7847.17
4055.69
3276.62
8424.62
9411.88
9490.33
7725.76
3068.69
3689.64
718.90
2203.57
2300.06
142.32
6748.23
6134.91
4497.34
1733.86
9685.53
7994.45
6376.45
3761.50
7050.79
1572.79
343.88
8714.84
3194.90
5817.64
2057.56
1978.55
9423.58
511.97
759.43
6512.98
1714.59
6169.99
6820.03
2302.94
7075.45
8340.96
3674.81
3342.70
9627.02
8598.01
2222.32
9318.40
3517.47
6701.11
4570.45
9350.82
1286.05
2375.00
6289.70
3283.15
7941.80
5993.92
4567.03
2595.60
3085.21
2520.80
7689.44
1066.61
461.91
7381.17
8665.41
4173.88
9719.24
9005.16
8259.83
3725.97
5817.92
3558.71
7762.84
1139.15
8800.62
9155.32
14.65
9284.75
6096.36
3490.65
6884.66
3459.26
8309.03
283.04
3888.41
8296.10
6555.58
7802.96
6924.67
8061.00
1855.27
4354.55
1054.64
1259.80
1009.26
1028.66
1460.38
2881.32
7351.29
5332.65
6307.42
2324.72
3546.12
8909.25
8466.26
7580.71
6171.77
24.53
5284.57
7404.28
5012.45
2295.39
4153.29
4607.01
1360.92
135.50
4902.90
1754.76
1111.18
3149.42
7748.58
5008.51
1133.24
9920.05
8880.42
2250.77
6687.47
9950.68
3349.15
712.61
295.94
7679.27
7322.36
4522.88
5899.82
86.17
9248.03
5065.13
4207.54
1140.66
8768.62
42.52
8686.75
2102.17
9221.20
3833.60
8609.13
6031.62
9907.72
6762.26
7635.65
7525.05
4287.63
2203.17
7335.94
7992.55
7813.59
5571.14
5651.16
2336.03
6772.33
4499.31
9918.90
6993.65
72.02
7385.45
4860.46
111.25
6455.11
995.41
1340.57
2918.94
1055.19
1845.87
9777.52
5974.17
8179.32
2282.36
3043.98
8426.04
595.17
5129.94
8472.04
741.78
9696.60
8691.39
7660.24
6031.15
8603.03
8873.75
7444.93
7348.08
8027.24
8207.64
9680.52
4810.06
4021.13
4188.59
6270.94
4037.52
8996.72
3098.71
2379.05
4577.49
6554.56
9966.37
3759.02
3653.21
257.58
1230.06
8741.55
8389.69
159.17
5947.05
3801.48
8273.15
3011.28
9762.41
2421.73
662.65
9685.53
3862.30
6846.28
8814.06
5842.88
1675.75
3503.50
6549.92
4594.07
248.11
7283.67
9393.52
2985.56
9089.67
7169.41
4382.02
1779.00
7458.10
4632.43
7823.49
6237.28
6887.70
7701.42
2344.33
3233.12
2416.54
5205.76
71.53
1712.77
123.03
7201.85
6156.10
2126.74
6654.19
8518.50
686.42
2113.86
7717.84
5728.51
8165.42
9220.32
8139.69
3384.71
6073.55
4622.75
475.39
2155.56
4282.08
7577.50
6411.90
7587.28
2029.16
7986.87
2041.48
3573.61
3860.79
5147.02
8274.35
8559.59
6240.41
5652.76
6079.63
8096.85
8115.41
707.52
5787.65
7220.94
867.17
526.01
7135.63
7395.63
1509.91
9374.94
6442.94
5308.65
9971.44
7977.24
2559.79
2625.10
732.67
903.86
3989.73
1479.88
2936.44
7785.24
2972.75
266.06
6046.49
3865.73
6905.37
5621.88
2871.92
3227.69
2044.91
9970.06
5814.91
3828.09
1190.07
7497.25
5222.73
2128.71
509.94
2900.31
8761.66
9774.57
6678.46
8203.25
6626.37
858.93
1293.63
8510.56
8542.07
4683.67
3892.49
3312.88
2823.14
4884.08
2327.96
1479.29
9402.92
4103.26
7984.11
4248.10
3437.66
6556.29
6987.62
9574.90
3814.66
1246.75
3784.39
674.64
1078.77
6100.94
3483.16
647.54
4216.34
305.15
9549.14
7586.14
2626.23
6179.78
3090.28
7472.90
884.95
4035.19
9495.25
206.73
6353.78
9634.36
1108.65
498.07
6005.17
3515.07
4482.11
1239.30
8040.04
8305.39
2838.87
7004.20
8450.36
102.23
36.89
2757.37
2468.20
4978.19
9796.15
6130.32
3731.57
5351.68
3750.82
4452.17
7946.22
8775.67
5067.40
7833.82
3976.86
554.69
8188.94
1994.54
1832.37
7853.74
6092.01
5713.89
3468.99
3454.72
1416.07
2082.73
128.55
1178.30
3165.20
6599.31
3016.86
1561.54
2562.06
7446.93
757.17
8569.76
7429.38
8600.81
6383.73
9697.60
7262.60
2260.40
8666.20
9141.32
5601.15
909.45
2292.46
1229.59
7478.15
6670.13
1220.60
9534.47
5800.52
3613.89
568.74
3636.55
6809.82
3875.31
3367.70
3147.39
5358.13
4774.07
7727.09
9559.19
7874.14
9528.98
3699.17
3009.83
1246.28
4568.34
4796.71
2936.27
7334.74
9286.96
6263.79
1461.03
4124.33
3388.32
3548.03
4124.68
4457.37
8677.79
614.02
975.51
4940.41
7041.56
9484.40
2358.41
7185.35
7336.29
2357.07
8218.36
8636.95
6178.24
7196.85
410.05
7888.20
2384.17
1429.01
5250.55
6355.61
523.76
9175.93
8877.54
919.80
4395.73
9213.32
7012.09
4120.93
9819.01
3316.77
4182.69
3049.76
4923.51
2010.23
4372.27
3613.44
69.35
9440.57
7744.50
8168.31
8237.43
1033.70
6823.92
8337.00
7884.36
5822.40
67.38
1812.35
8643.02
5010.75
3502.08
6931.99
3.38
331.55
4914.52
3463.57
7797.70
5436.51
4349.64
5311.50
6990.45
7377.83
8611.85
6806.11
3228.36
5674.45
4940.61
4588.74
2057.13
2237.13
3637.16
6021.28
49.76
6872.69
326.47
4175.14
8906.28
5514.09
4189.22
1399.81
2999.16
9088.81
5413.50
630.70
7067.64
4068.70
371.75
687.84
815.53
8647.06
912.70
9044.24
8798.65
4379.72
1739.91
1071.09
9591.43
3909.41
2559.62
232.68
9255.87
915.81
9709.96
9946.56
4203.22
1659.21
9197.08
1579.73
7377.18
9207.74
9088.42
7046.67
3544.09
5247.16
8761.76
5117.59
5592.81
960.79
7733.09
7663.01
1093.19
3039.20
8820.67
6322.43
2220.46
6812.47
663.42
4148.74
9963.68
9901.79
3337.37
2866.99
9635.77
9574.01
9932.68
1566.41
5039.08
4329.17
7203.48
7532.31
7024.24
6771.50
8303.80
4175.50
4776.93
2882.43
9372.77
3490.18
9529.77
4738.50
9949.20
820.50
3508.89
9731.55
694.73
331.10
4008.32
2992.80
5972.22
5036.91
7.96
7858.24
2763.19
9285.36
1094.53
1222.76
4352.25
4887.21
7240.06
5287.54
7103.01
854.88
1398.88
9960.29
2387.61
5073.22
506.44
6436.21
1267.06
6138.89
6769.63
8005.87
9070.00
620.66
7727.51
2914.05
3268.01
9102.68
6804.16
6942.99
4635.06
7607.21
5280.77
900.48
9126.73
7260.13
2933.32
8558.75
2511.30
6747.43
703.93
5964.63
4268.57
5371.10
8391.33
8054.77
8397.25
8440.58
9061.54
3135.89
8859.53
2829.26
6007.23
2266.11
9941.00
9038.36
188.75
4064.15
7701.84
1155.33
6872.91
296.94
7062.73
4915.35
4085.48
1968.40
8486.93
6646.29
4170.43
582.95
2968.79
7767.98
3439.37
8443.87
6960.82
9410.17
5602.89
8418.01
5827.15
8624.90
2843.76
9927.48
2306.95
7776.01
4953.54
5477.71
4792.29
9813.59
3020.76
8080.95
9549.64
6591.51
5904.99
4484.05
1628.11
9483.36
5084.09
90.78
3568.90
7997.62
6759.68
8738.17
5734.75
7693.88
5905.20
8625.83
4850.96
7774.00
3355.02
623.19
5103.12
9772.18
9882.22
5104.60
2102.58
6275.89
4231.57
4560.91
3446.12
5155.32
3547.01
4402.76
2564.18
3573.70
3578.82
4890.43
7430.94
1309.67
7508.11
5710.10
8101.51
9367.20
4835.83
2551.80
2765.24
4663.94
9689.16
3009.73
5120.96
8664.12
719.74
2046.88
1091.15
7966.23
565.05
1534.47
7223.22
8401.06
603.63
9220.39
3263.62
4692.05
5792.08
6242.09
8245.11
9389.23
2643.21
3569.01
1814.40
6012.54
2063.10
6652.85
8392.42
9943.51
9383.63
1361.27
3963.94
2103.60
2774.68
4342.89
2567.74
9825.29
395.18
9116.19
3713.65
9077.21
1030.28
3122.43
632.95
2596.60
9038.79
6154.64
8838.16
6070.69
4242.83
4019.13
3044.68
8699.66
8057.55
7019.79
5089.37
1279.15
3972.20
9495.07
7150.56
6643.56
757.19
7523.95
812.71
6398.80
3264.60
3845.04
8773.20
3279.65
9088.56
3658.56
7375.56
7086.46
8810.75
8660.81
9712.35
7588.47
4542.52
6882.77
8962.14
6287.07
9594.05
8257.31
4248.80
5173.26
9292.30
1857.81
9190.24
9720.89
7863.15
7597.53
8655.20
6220.16
7773.18
9220.95
3077.23
2935.55
3152.39
2706.01
8419.84
2855.47
9149.02
424.42
7768.68
4900.86
310.08
3988.70
7469.93
8561.95
7453.03
2042.55
914.76
6285.51
9887.39
6050.26
1385.79
3789.02
2884.64
3614.48
6352.48
5770.39
633.06
9223.45
5618.14
7821.20
385.32
644.06
5422.47
1308.85
327.90
7503.79
6267.14
4412.63
9828.64
7756.65
368.01
3806.64
1206.40
1110.70
8584.54
6940.46
6274.58
7296.64
8459.07
5162.40
8894.74
7083.64
468.54
7864.72
5065.62
3249.54
5779.80
5969.02
7331.60
5420.18
4163.43
3595.95
5036.99
5154.39
5426.69
1773.82
6220.66
526.55
4048.82
8782.34
9264.66
4609.41
31.43
4651.10
7677.88
2062.02
3218.07
3460.66
9415.37
4652.66
4810.79
1039.65
4412.46
4227.46
3857.69
3912.60
2994.65
9255.12
6414.01
7348.05
7974.92
6944.18
628.07
8582.38
6078.72
9259.77
8723.13
1504.01
3717.70
2819.85
6714.45
4507.91
2995.07
9903.39
3211.32
8566.70
6697.63
7170.51
7216.78
6832.70
45.19
6026.59
2681.10
3335.67
2962.23
4922.81
818.61
5694.49
9829.02
9553.28
6241.86
7408.63
590.85
5597.32
3720.67
2810.14
1007.25
1164.45
4125.84
2235.87
8470.22
3184.87
7626.35
3977.73
9760.53
8287.97
8849.05
8217.96
2504.90
6446.12
9843.51
1066.36
2607.47
9103.99
6678.83
1293.03
1414.61
3639.41
7631.42
2807.49
177.42
3510.27
7892.26
7297.55
9460.82
4911.09
800.49
1635.45
3556.30
7042.23
339.65
8677.58
4080.42
4648.67
146.95
1364.50
2542.37
9084.60
5294.95
3342.75
6953.07
9204.29
6383.07
7025.50
2309.25
763.14
4838.44
8024.86
7334.65
1485.76
2760.13
3128.92
314.67
5771.55
1381.28
6040.18
9390.87
759.46
671.67
5854.78
7224.72
2318.00
4875.42
5514.70
5498.28
2627.20
9576.51
1265.86
9385.52
3509.31
1418.75
6950.11
2949.24
7674.23
3314.55
9256.89
9148.88
2520.99
3662.43
1733.71
7483.64
6877.19
4292.83
2528.04
2306.76
5141.14
7198.21
5142.06
330.55
2203.11
6817.42
5805.86
6562.56
823.59
9542.34
2756.28
5897.71
6294.25
7405.44
9988.22
8882.14
2988.88
8745.38
5895.82
5213.56
1738.13
6403.51
1542.97
1790.05
1284.71
7255.49
1197.93
6195.11
3678.42
7064.69
3779.63
7438.81
6848.64
416.57
3116.14
6663.56
2519.71
4147.66
7757.56
5781.49
7673.51
3294.08
8858.38
64.02
4224.58
7105.66
3943.02
8249.46
5571.56
6039.65
6502.30
8540.57
4055.56
4692.08
4201.41
9263.98
8245.36
239.22
9533.83
3220.42
4.40
9920.20
5033.15
2008.69
531.57
417.07
8576.42
130.68
2505.11
8080.43
2661.35
5343.69
8247.31
7629.60
8652.13
6263.14
6353.43
7156.39
8383.36
4988.87
5189.67
8618.90
9259.33
3974.98
6446.40
4968.96
6026.80
9439.92
1185.71
7394.47
9028.18
800.81
636.04
7457.57
5714.67
4614.83
9796.07
453.54
3969.53
2295.08
8053.32
9403.48
765.07
2246.05
7909.88
7953.33
800.29
4636.87
8292.75
401.82
3523.70
6186.07
7685.36
5366.04
9851.16
6413.66
3592.05
2787.78
1256.59
2291.97
4849.18
5740.17
3407.86
949.49
6691.20
4808.52
2712.12
7291.38
3930.59
6609.79
8376.53
3204.18
9453.23
6835.63
8256.80
592.72
6933.61
9939.11
7437.58
7600.99
8161.70
2228.51
7307.86
8338.62
6597.82
4710.67
7810.84
8785.75
5693.19
8481.64
8267.70
8350.78
4193.97
1904.00
5020.99
2278.98
4520.34
2899.27
1064.40
2769.58
735.23
9411.03
7059.81
165.79
9843.51
4499.17
2952.28
3769.38
2570.51
6446.82
6765.23
3775.56
1988.90
9996.30
4955.94
88.59
4644.83
1185.41
3471.36
8363.82
2786.87
9293.65
5816.63
5907.71
6913.64
258.97
2098.89
670.59
39.77
8247.55
4719.06
7843.75
6114.81
2428.31
2566.37
7026.30
7190.65
800.96
2442.14
5374.47
6626.55
8031.76
2039.25
6916.21
3845.86
498.99
518.47
6951.08
2036.75
3005.55
8745.29
6231.59
3556.08
7785.21
9393.98
452.32
5792.70
6558.17
3370.65
8688.86
311.96
109.20
5526.57
3297.15
9650.03
3739.89
591.68
8116.81
1387.88
9252.95
8748.71
8510.95
2032.74
8148.55
9694.18
7240.16
5493.37
3980.86
6206.95
1813.21
72.53
3395.75
5580.22
5778.00
5902.82
4827.74
82.41
6720.55
1384.82
7050.94
4651.00
3768.91
8913.26
4188.07
4777.44
772.22
688.45
547.08
4016.29
2889.15
7172.58
1926.20
3015.70
8462.31
4688.97
9916.91
158.06
8839.36
7042.40
142.78
1885.93
9304.69
4133.29
8457.56
2080.32
1271.52
4658.61
5535.99
3549.77
3704.69
8191.28
9745.90
5474.29
6660.83
3953.81
1338.49
9735.76
8161.62
2902.75
2753.48
7436.75
4848.98
6099.41
1132.00
4784.06
5713.84
8550.07
9139.29
5036.19
178.76
7282.09
4397.57
641.78
3888.01
4625.85
4805.08
824.05
3677.19
6968.24
8251.83
7820.59
6753.86
4677.35
8305.15
6126.40
7756.60
8099.61
5912.47
5690.87
935.06
5950.92
1286.01
7211.84
5699.74
5405.69
4614.85
1667.74
3815.84
4357.37
5170.94
7673.38
4250.09
5868.62
8251.74
697.74
1534.12
2556.58
9599.19
4921.94
3395.54
1051.12
3484.55
3570.27
3019.44
8266.74
4759.52
7345.33
8227.12
9346.09
6362.11
3433.05
3790.18
3835.11
3885.57
8457.63
1615.30
6420.99
9694.34
9223.07
3381.67
2071.04
473.99
8343.29
2755.80
7576.12
1606.64
9683.07
2375.75
2873.56
5879.50
1661.32
6525.62
8824.05
4178.25
707.10
2108.86
3140.06
9022.65
6865.62
2437.80
4545.51
5459.46
6705.83
6434.39
4394.85
796.14
5738.65
1829.54
6762.48
2399.16
4519.99
5506.90
6105.89
9782.19
200.39
1316.97
762.18
4115.10
9189.30
4147.52
8087.56
3194.29
83.64
8516.91
4400.66
3376.62
1120.19
1572.55
3587.39
4553.22
4301.50
4261.98
983.36
8661.78
1218.03
5903.86
3635.20
7605.20
2434.72
4038.33
9085.26
4260.00
1060.73
1442.87
688.06
6201.66
2313.68
9865.87
811.14
5660.60
4397.13
25.21
9346.89
8986.04
660.49
3083.49
5828.58
5607.30
7735.63
3072.38
8403.74
5386.16
9671.04
2277.97
9501.87
8956.59
1515.10
4147.97
4781.39
5717.07
9998.54
6051.03
9939.68
2295.69
9425.82
9885.21
5938.31
365.73
8194.51
7271.98
391.11
8651.54
9025.27
2280.37
2788.29
5445.06
4960.57
5771.98
4557.00
6119.11
6477.14
3484.95
5614.76
6246.05
7124.74
1624.93
6211.76
2348.51
4179.01
7337.33
8305.62
2457.52
542.14
2183.24
6186.39
7199.77
2422.00
5833.06
4731.35
2978.79
5604.33
6076.30
714.02
2866.58
2723.50
8682.09
4303.87
1705.10
8064.17
1047.03
5161.51
8779.04
9339.78
9866.59
9864.96
3088.30
1998.88
3981.86
4479.26
7863.87
264.33
3869.95
3851.05
4237.44
5378.07
2334.78
1246.94
4336.89
3011.93
828.77
5408.71
8203.99
5474.69
4362.45
3619.01
4652.79
9868.22
4068.74
9782.08
2930.78
3403.88
6999.58
3566.45
4405.09
3659.17
4644.62
312.36
6695.56
8928.50
2332.27
3000.24
1414.41
1469.76
9519.09
9527.61
1715.23
7140.08
4020.75
2026.02
6429.46
4198.83
6357.48
8514.81
2147.46
5488.86
2317.31
26.83
59.96
7877.18
6002.76
3949.60
7273.71
3627.16
801.65
9661.65
1989.19
284.72
6552.07
2707.95
393.64
6340.68
8120.45
9802.13
1795.74
9940.36
114.62
6819.96
8966.62
3285.02
4173.92
4214.28
7130.80
228.99
1472.18
1115.69
1481.36
6804.73
1631.76
4055.06
4316.13
3173.56
1482.68
319.22
1426.11
2350.34
2978.75
8762.68
2080.60
2238.53
4170.51
7859.82
7229.77
3068.17
314.03
5991.69
4177.30
8234.17
1360.74
9651.40
9985.97
4311.22
885.48
1667.04
9979.07
118.74
3900.48
6837.45
8799.46
3939.58
4179.85
378.07
3328.02
6914.76
6867.85
5236.02
5021.66
6030.39
7595.03
1608.65
7284.96
4739.06
744.54
8228.56
2435.00
6970.38
4157.15
6311.74
4006.48
1577.75
7536.27
7516.20
6293.89
8872.84
1866.66
6408.00
8023.24
9708.49
7425.70
8073.00
1221.84
2532.69
6732.59
7976.11
7602.06
1890.65
7302.67
2151.42
7215.53
1712.46
7260.01
9934.32
8908.06
3257.57
8586.84
3756.72
1750.46
4199.92
9963.17
2701.88
2184.88
2750.08
9232.85
7472.66
6133.39
3234.54
1039.33
3636.39
4652.23
5230.08
3151.28
2533.10
771.71
6775.03
6402.62
989.77
8763.54
1073.33
2660.51
2353.95
1418.78
3783.47
8052.85
4896.46
7440.51
6463.44
1295.16
8486.11
6520.82
1555.08
9037.70
5092.55
2428.01
3998.34
767.21
6389.04
6812.11
6800.09
3351.83
3408.11
6020.09
3683.76
5810.08
3013.39
3765.10
5811.78
8293.49
4920.72
2981.89
4751.17
8311.33
5902.50
5095.20
9413.86
1294.63
9849.59
4772.36
6675.20
6507.07
6236.79
9772.30
8587.34
4127.34
4984.61
7586.47
7109.88
6815.96
9500.76
651.17
5431.03
6204.21
6406.61
4263.12
3670.07
3189.50
5924.30
5886.63
3623.98
2049.29
56.34
7481.91
3383.04
6537.69
1405.94
4035.94
6498.04
2155.47
7449.48
2310.82
4445.77
5250.45
5777.05
5519.41
5533.03
8854.24
2923.02
6568.55
4863.64
8564.82
1951.43
5187.02
4046.18
5852.21
5401.83
6503.13
7774.99
8706.52
6698.30
9078.89
4059.32
1386.93
5263.27
9393.13
3795.74
4007.53
4989.94
9670.84
3239.17
5584.37
6173.04
3985.09
877.93
8297.45
56.67
9495.67
6839.05
3736.15
432.87
2512.96
5645.65
2806.66
5993.96
5935.22
1164.01
2936.36
2566.59
7638.16
2613.62
2175.42
3552.01
3617.14
2607.59
1802.64
5033.04
2963.58
8485.75
1254.66
5300.70
9983.26
5805.17
7443.81
3448.63
5259.73
9613.48
9654.70
1682.93
8986.22
4436.78
494.44
2178.34
5736.70
5026.34
1010.84
7943.75
4347.72
7117.41
9440.50
2980.20
1634.35
978.33
2811.89
2790.71
9051.28
870.42
7831.39
9143.33
2564.10
3882.88
7142.29
2692.35
1540.78
4391.66
5504.05
7475.30
3630.41
1368.27
3700.24
1654.26
8268.41
7558.18
5877.33
4291.87
7787.53
3886.48
1586.02
8714.18
3660.70
4915.81
9924.23
9005.50
1985.52
4997.91
1784.45
8631.99
6269.94
3684.19
9748.78
4373.71
4815.51
8331.66
4045.37
2044.99
287.06
9387.01
1255.57
7269.87
5469.56
4072.97
832.30
2415.32
9804.13
8203.39
477.90
1653.77
9073.69
2210.28
9749.18
908.00
9097.34
8458.94
1024.87
9578.51
9142.14
8742.47
8389.52
1636.26
7997.83
2945.09
4726.35
6499.64
7911.09
2074.19
597.55
3279.17
1914.03
9096.87
6900.31
2524.58
2198.10
8028.71
3532.21
9704.78
1957.50
83.69
8364.71
8051.64
973.30
8522.92
6110.89
5266.50
5538.02
8889.59
2071.68
3840.28
6337.96
8457.32
8527.21
4748.27
2675.52
8779.20
3226.42
7619.22
7843.16
1991.52
875.90
92.43
4284.05
1839.03
4509.58
850.99
2111.55
3115.88
2225.56
3827.01
9258.69
819.81
5074.65
8781.05
1452.94
3569.32
5154.12
3543.13
292.13
3520.77
4529.99
818.99
9317.66
6641.02
4992.46
9062.34
4446.07
4788.53
920.90
663.59
9731.07
7774.46
7774.52
5844.51
2400.61
5638.94
8646.98
2727.37
2229.31
7525.32
4377.39
4834.21
9995.80
3620.61
865.59
5656.93
4162.08
9074.62
7536.89
9238.88
9186.85
4644.39
6171.64
8520.89
864.15
7732.43
1614.26
304.63
3679.62
298.30
7862.78
6331.93
2301.56
7203.70
6521.30
6349.61
4212.42
928.86
4988.64
7330.32
7523.24
5306.39
8050.23
5997.34
7719.97
6080.24
4169.87
7595.28
1192.73
6063.58
7869.73
4757.22
7521.80
216.78
8626.88
663.42
6301.10
8984.67
7651.99
9861.12
3389.96
7030.07
6449.39
7556.25
4591.36
668.93
6726.52
8088.36
8296.43
5360.97
2871.67
4837.50
8328.38
5074.78
3698.28
6796.42
5715.83
9961.95
1263.89
1653.92
6998.54
1161.07
1247.30
4027.40
3186.45
8501.37
5563.84
723.56
8359.92
5697.85
8498.20
430.78
7604.72
3032.44
6963.69
560.73
9182.50
8379.15
1467.98
1971.44
4575.18
4811.84
7979.45
6524.06
8391.02
4716.14
824.63
2355.38
2050.64
2545.91
2569.68
2842.55
4534.54
7023.21
7598.55
513.90
2877.02
338.29
9350.49
4909.04
9531.10
5554.56
9370.63
1807.73
7654.10
5374.30
62.36
615.36
6290.22
6356.28
1002.25
9410.75
3843.00
7459.23
2198.33
7037.88
9157.71
2633.67
1828.44
2939.20
7303.94
3817.89
1898.10
7500.16
5301.98
6675.52
8160.83
3002.53
439.91
4155.52
80.78
6622.44
8831.53
9310.34
828.24
6221.73
6881.89
6073.47
7815.81
4613.01
541.71
8551.78
1901.02
8228.17
3228.37
4872.01
7693.66
9240.42
6325.45
4532.69
5065.24
6631.28
3982.77
1373.39
7888.90
8039.81
3496.97
5690.79
2967.16
7597.33
7901.02
2969.78
2803.69
7366.33
9869.86
8759.26
6784.40
4164.90
8866.67
8350.79
3953.84
2143.03
5814.33
6530.61
7664.93
8532.77
2667.44
7408.08
4828.18
5933.21
412.83
9527.73
2082.86
3815.88
1400.85
352.67
4038.85
3601.84
8738.08
7283.25
6290.43
9695.94
9498.52
6834.55
2715.24
1103.81
7531.55
1404.92
7102.30
9847.86
6624.25
4584.10
5947.79
1008.16
1.71
5658.29
3758.46
6811.19
7023.70
5118.69
2684.61
9671.22
1010.99
6701.15
6157.94
1590.38
6037.48
3131.37
4729.58
7988.88
5875.07
6475.13
9247.79
2256.71
8508.96
8789.70
4495.42
3828.16
3652.44
8102.37
3862.23
2724.04
7430.07
3592.40
5089.32
3902.49
6285.74
8139.26
236.70
4961.34
1989.30
5489.01
3585.90
9268.82
7371.51
6574.54
8845.81
1897.71
2518.22
5181.99
3583.71
3228.27
698.31
6286.23
7866.97
4956.03
3866.01
6241.87
1478.24
6343.38
2292.80
26.15
4580.08
4599.42
6124.41
8013.08
8248.18
3558.09
7527.52
7930.95
3002.40
4774.31
7343.87
5531.72
2525.43
7075.17
163.16
3411.68
6189.83
4951.50
7168.75
7794.20
3215.99
5130.76
3051.59
5706.92
5026.48
8804.98
2187.88
3425.07
7313.48
1164.45
37.88
3573.40
9957.33
1372.72
2354.51
965.69
4346.38
3134.92
9497.45
8940.92
2545.47
8008.59
1088.03
4095.56
8609.31
2020.49
7933.70
9731.72
6057.28
2258.51
9763.58
1309.87
9957.42
7897.40
9011.85
5697.30
5123.35
5803.34
5611.23
3054.43
2998.72
9130.32
7779.89
2343.74
4922.96
8505.42
3405.06
9363.42
7009.42
49.50
3317.34
1573.80
975.52
1994.46
809.34
6295.62
585.89
1934.20
6301.78
2567.14
6480.61
950.73
4005.62
598.24
708.92
7795.34
1532.99
663.86
3379.76
8953.87
8930.12
2747.61
2848.17
71.91
7390.28
1024.41
886.43
4233.81
4312.37
9189.15
8878.65
8822.57
5007.71
1400.66
9971.63
4609.74
6850.48
1842.02
6495.57
2534.47
6170.92
385.51
4765.60
5018.95
489.85
1400.27
1164.27
632.44
3288.02
4959.02
1175.71
909.08
2981.47
4779.41
9995.57
9775.80
9352.26
6931.97
4151.01
3298.71
2600.71
976.11
1986.71
5030.98
4829.35
8172.24
3541.93
3570.67
7742.48
1085.03
6798.48
7225.76
8383.35
5493.09
1920.93
2453.34
5571.79
6279.20
1903.01
7802.89
7227.51
9950.44
1267.53
6575.56
4210.12
9802.25
2833.86
5630.01
8363.82
4874.04
7646.34
5417.61
6682.07
3699.16
9752.83
2916.93
4881.69
7995.55
1314.76
3400.25
7284.10
7627.26
4974.88
2172.74
55.66
9684.91
3494.16
7103.29
8388.43
4417.29
8514.41
3939.34
9677.30
2515.16
5616.73
4530.46
96.24
8743.97
5480.12
6525.64
4262.46
4709.98
374.58
6366.91
9576.37
7130.50
5340.28
4141.57
2576.61
3199.61
8898.79
4411.96
942.53
5810.57
9684.61
6279.28
860.32
7683.63
2714.90
3565.00
198.95
8001.04
343.63
4347.46
3056.49
1333.70
1167.84
2639.84
1741.76
1572.85
1109.06
8593.97
4045.74
3359.35
2588.90
7861.31
5946.54
6174.87
5434.79
3410.91
9936.35
4727.25
7314.81
1067.18
9323.07
3279.76
3799.22
272.33
7957.17
8828.06
8061.46
98.88
7151.15
8065.88
6514.20
338.60
4859.55
759.89
9551.57
1640.59
5079.25
4668.55
1378.82
758.36
8383.65
662.92
3914.83
5060.58
2572.51
4788.82
8578.17
2517.25
2101.66
6657.97
776.59
7242.54
9835.49
2673.32
4767.50
3999.34
9456.27
1114.86
6286.07
7258.00
9971.65
5780.51
9321.22
4678.13
8849.91
1208.08
1461.33
474.57
3855.41
665.64
5383.91
6075.17
5557.91
2901.57
4233.81
5655.63
1398.57
2489.14
4619.76
6912.37
3325.74
3571.08
1099.97
2806.17
9204.16
5656.95
6212.81
3374.37
4496.86
4714.74
8872.91
2675.77
7291.67
6634.65
7817.53
4742.44
4436.26
7855.18
1094.28
3389.36
4957.45
3801.11
8218.42
7389.48
8693.32
3572.85
9900.46
7945.59
6290.11
8563.80
3214.59
2324.04
9468.52
6466.97
1151.72
3567.20
6539.38
6922.33
1311.26
2670.88
5995.41
2709.58
8120.75
5052.15
4727.45
2883.50
3875.61
8595.91
9702.04
7284.49
1768.27
6135.87
1912.49
8593.28
3758.35
9800.51
6584.95
2345.25
3631.37
309.06
9373.76
5123.80
498.53
5029.11
5556.92
6363.63
4294.51
4031.34
1480.34
8692.20
8591.75
5500.43
3512.34
2109.79
3819.43
5050.97
9857.60
6960.64
5801.22
1093.37
1071.00
4304.04
4753.19
9849.95
4327.58
128.93
58.55
8969.87
7942.34
3959.58
3177.08
6851.67
1471.94
5154.42
9166.39
612.52
9462.22
1175.13
9162.93
7416.10
8876.57
614.59
3329.24
9577.26
7023.90
7843.95
2378.85
1887.20
8532.94
7374.59
6251.39
8175.35
7299.26
8957.86
8319.57
8321.80
5198.19
1545.00
1736.36
8591.55
7269.19
919.62
3723.32
7558.73
2615.49
701.11
1526.35
2051.82
8544.72
4890.01
8968.27
5869.01
26.03
6870.35
5443.75
3909.74
9773.68
3123.99
3119.62
7180.05
1780.15
9074.52
3712.49
5173.73
3488.81
9326.26
9924.56
5820.01
2663.91
2012.21
8540.63
5747.38
6882.54
1722.72
4752.38
193.37
7735.24
5005.11
1216.43
8289.53
7746.65
6462.97
6331.23
5940.38
8545.57
718.99
9331.78
2330.18
6273.28
5552.80
3626.21
3272.08
6246.45
621.98
301.00
5946.64
3540.49
2091.97
3942.22
2330.22
984.71
8511.66
5795.05
6965.58
4853.05
4738.79
507.01
8953.14
6449.43
4653.60
9278.42
1382.91
4154.36
5456.75
9948.51
62.72
728.99
3730.56
943.80
7175.65
303.58
3529.53
1120.57
1769.42
8329.01
5281.56
7382.03
1090.33
8843.85
1698.53
7283.03
7579.39
4354.23
2160.99
4097.06
7637.44
6621.67
9888.98
7404.80
5341.78
8272.96
4196.58
7343.33
6495.71
2455.05
8162.06
8083.53
7494.28
5762.39
2761.21
2146.99
4329.32
3380.94
7517.81
4034.40
7052.62
7988.84
8501.70
8490.65
988.28
8987.47
3820.92
6688.48
5215.05
4478.12
7684.28
2040.72
5438.53
9823.37
8962.73
8957.19
2226.00
7710.48
9912.37
5735.88
764.78
9916.64
4987.01
9228.71
651.13
5998.83
9583.05
8007.80
4289.08
306.18
4382.90
8566.93
9131.94
3646.58
9714.16
3315.14
2220.53
5369.04
2333.55
1080.72
596.78
5281.28
6658.89
1923.49
5407.28
494.44
9395.39
1253.31
9430.30
1725.45
323.27
5011.96
4981.19
793.74
3033.20
3790.14
6386.30
6488.06
9631.58
50.36
6360.00
4307.92
1984.08
8187.33
3979.26
1102.39
7235.49
2867.12
7667.08
4518.25
2574.57
6203.38
561.54
5460.94
9306.79
8565.29
6632.24
5589.30
3971.39
2141.23
4779.06
4009.62
3145.76
5790.68
6388.88
6363.09
2999.14
8102.83
7498.19
636.09
262.83
475.11
1954.42
7935.67
1669.92
6782.52
9051.49
3294.89
5698.10
8915.74
3851.12
8419.81
3838.33
1560.30
5670.51
5909.43
5486.23
8156.97
8585.54
6763.39
5287.20
4462.22
8925.38
9206.16
2634.97
594.40
8642.65
4705.30
9209.57
5532.52
6007.14
7347.17
1113.79
1871.10
4296.69
816.27
6877.08
6365.69
4251.66
3349.47
3768.17
4183.09
6592.42
3701.49
545.46
3505.45
2969.74
3598.84
5817.09
6951.25
5024.49
3343.92
447.81
784.20
7080.20
9366.15
8558.87
7033.55
5134.41
3168.01
5824.90
8724.24
6916.93
6660.70
6397.50
9550.24
6529.44
249.40
1991.72
3746.00
689.81
2822.74
492.20
4881.97
9301.35
5767.96
4601.41
8243.37
27.02
7520.75
6858.40
8593.84
7183.00
1664.00
1411.08
3463.85
5795.79
7544.66
671.07
1412.56
5644.52
4213.39
2480.63
3504.07
4397.73
2903.06
5827.17
7183.25
7645.83
522.03
353.08
299.44
4243.93
175.08
8762.97
8983.24
1893.45
2910.94
3043.56
7207.99
8856.03
2486.47
3160.30
1246.26
8132.64
4896.24
4768.03
8305.11
3715.23
7397.12
1747.34
3376.12
5681.83
9614.54
7912.46
7947.70
8537.15
5333.37
9558.60
1512.54
2560.44
4268.92
3156.42
2336.72
1984.16
9719.91
9514.69
900.69
9795.60
7555.00
6125.01
7856.80
7351.71
3437.46
3881.18
6802.30
8028.72
4592.09
7734.56
8007.74
6819.56
2234.62
9582.65
4995.56
7116.31
7199.43
6215.63
993.94
2337.02
9020.58
8937.40
484.16
8269.06
2618.45
8072.85
4761.75
2665.78
5279.67
5077.63
5793.89
2986.07
6819.31
4412.96
1951.02
2794.22
912.40
1025.36
8507.84
8200.85
3290.35
9486.45
3360.44
47.14
2737.23
9276.83
6304.79
5511.75
418.16
4995.08
5626.78
8536.58
9484.42
2792.24
1926.08
4232.21
6467.06
8261.76
8416.18
7883.51
7669.85
2781.70
3539.65
2261.21
6441.73
2492.54
2895.58
3977.83
9273.93
8173.14
7859.95
4249.12
530.40
4799.07
7430.49
8391.43
9003.46
7375.48
9650.69
3371.88
8997.66
1885.48
3816.99
3533.76
3458.57
5618.10
3892.01
2429.73
1592.67
7056.53
1499.50
5030.38
4620.91
11.23
169.01
4795.01
7732.02
6391.27
7944.34
9167.79
5966.77
9336.19
3892.27
8894.16
6460.94
7285.33
4637.26
3899.85
8658.37
673.67
2983.10
5378.05
1103.27
8245.43
6639.25
8425.48
3715.70
8875.25
817.94
2789.95
26.59
4185.82
3271.15
2669.76
3302.70
7030.84
4485.53
5090.74
1026.13
3849.32
706.37
9401.98
668.85
1921.75
8558.78
1192.25
4559.19
3879.72
1172.65
2104.86
1099.05
7533.23
4928.38
7351.98
5515.22
9220.07
1008.20
5642.98
9624.17
4016.20
1231.47
2124.89
3344.21
6077.15
4904.35
5347.61
6441.50
7834.07
4853.32
4828.98
3482.20
5697.33
2733.16
7145.75
3276.93
5196.50
9711.87
9001.87
2735.96
7779.90
776.93
4262.91
672.73
7949.61
5985.13
5868.05
241.44
9717.26
8568.29
8582.18
4294.95
6014.41
2028.13
4254.99
4142.07
4597.44
3397.00
3183.48
3339.66
4520.03
3201.30
9369.46
2066.68
8714.03
7536.60
6752.02
5334.35
454.74
1308.64
6510.11
5874.68
9005.75
4766.73
4557.85
5344.48
1042.20
2241.60
1029.67
9716.43
5402.80
417.32
7144.60
3122.87
8487.50
8283.67
1228.74
2800.17
7626.30
5694.82
2282.47
9823.17
5097.02
9874.91
8209.89
4848.76
2048.45
3366.97
4578.40
7515.17
9471.26
7068.05
8554.04
2361.52
5403.70
1026.57
2423.64
5918.87
9494.76
2308.21
5842.19
7617.51
8449.02
1272.92
7732.34
3554.35
3402.29
8890.86
3981.18
5914.55
5719.41
1722.73
7373.62
3965.25
9398.60
5545.42
3910.89
8574.84
5254.12
5662.33
4524.04
7640.96
2486.81
2833.56
2016.24
241.69
464.44
7569.74
1421.03
4037.83
310.19
6819.47
7783.46
7854.67
8734.97
8361.21
1752.21
6479.47
1296.84
5148.26
2581.42
1782.11
6224.73
3813.54
2549.81
199.88
6310.80
1758.82
671.81
8848.34
6443.40
2367.04
129.66
8888.29
5405.88
9583.88
1847.73
6275.78
8500.02
7842.04
1452.85
679.17
3303.37
7800.17
8126.26
6069.90
8196.34
5862.76
144.86
530.18
2036.83
6608.28
8818.29
1280.90
9476.98
1266.20
3330.21
6857.42
2449.30
3301.23
7165.00
862.39
2680.90
6851.26
7744.70
7987.62
5691.31
7445.84
2925.05
4354.38
9869.67
9986.18
6591.92
1320.65
5773.60
9981.20
837.65
7090.50
2096.94
1105.34
2964.57
288.76
7952.03
1139.47
1665.52
9723.98
3257.68
9820.13
6813.48
1622.15
1894.56
4961.32
3894.72
3509.33
5007.62
8781.86
2545.25
7340.75
4408.79
8259.26
8645.81
7928.70
6462.26
7810.75
3919.47
4151.78
5556.29
358.65
3621.55
7987.60
6917.39
5062.54
9691.32
5333.16
9470.84
6485.40
31.49
4497.68
9514.26
4381.08
3496.98
1052.20
7376.57
9242.22
7234.96
9680.45
2269.01
3684.11
9374.63
4106.62
7007.73
3534.62
2582.51
4054.80
5542.77
9536.66
7891.32
939.19
2172.71
7180.77
4256.79
8731.44
6599.66
5461.50
7824.26
5004.57
9059.81
5297.43
8890.03
5584.03
5505.75
7514.21
5243.02
3719.66
8196.53
9124.30
3503.59
2805.44
1600.98
2401.86
2700.05
601.29
6850.82
6096.14
5451.76
4153.12
4863.76
6459.50
5491.69
8127.45
5755.13
4232.14
9019.81
4577.70
5475.06
8359.13
6407.36
2475.12
689.59
447.82
480.85
8765.38
6399.28
9355.70
8657.38
703.78
1265.76
3021.63
9028.27
8230.99
6736.27
3245.79
286.92
4198.88
9855.72
8829.54
3007.00
227.80
4204.98
1520.62
7585.59
2743.83
9692.48
9243.27
2508.42
4312.18
9433.54
4526.52
2748.75
4643.77
8275.30
8522.67
2421.14
9649.07
1482.43
7639.68
4780.73
5396.37
8269.92
9443.00
8607.72
9033.82
264.50
7876.92
2389.22
2096.27
5004.84
7215.43
3692.42
3784.54
9795.74
9091.22
9999.89
591.24
2159.67
8211.32
9665.50
3130.20
3752.89
7472.92
937.01
3330.63
6584.94
6662.48
1517.48
4785.34
2414.82
825.36
4470.46
8719.68
2531.76
6986.91
9464.17
1378.76
951.16
829.87
5294.04
5567.16
5759.43
8110.98
8635.93
3696.61
7896.51
5748.25
3185.89
1066.07
6226.05
1820.56
1703.95
1668.78
508.97
2162.03
5502.47
1146.68
9865.93
7565.84
6832.77
7827.10
9001.16
4610.98
9218.80
2431.60
3681.46
2872.11
92.89
2883.40
8379.29
4157.05
9937.00
313.62
8943.90
6813.17
5651.38
106.33
5394.42
8203.90
5501.82
3513.98
9663.77
7438.83
1139.74
7638.51
4701.88
4214.22
212.49
6374.03
183.71
314.58
3751.27
9713.27
5607.53
929.09
9666.24
7830.45
5179.47
1868.35
6009.64
4287.44
3638.29
156.67
9958.69
5613.80
9014.81
5083.05
9938.35
3755.11
3407.13
1844.46
3974.12
3080.13
2338.95
5209.10
9953.49
6628.50
4325.36
7378.81
4430.00
3233.90
6133.76
8859.51
2768.80
3297.83
62.91
351.05
6516.31
8558.40
5010.20
5321.68
4390.44
991.28
8675.93
5270.05
7885.58
4068.06
1425.58
1945.45
6852.71
284.20
2927.06
7582.84
5861.71
1976.89
2118.20
1608.89
8776.21
3252.44
1144.24
5656.83
6867.14
8164.33
3687.03
625.82
7453.63
9418.70
5334.17
7519.89
4884.45
9335.60
8944.07
3906.18
2647.80
2020.53
6042.96
4561.33
5111.37
1373.34
6951.99
4746.87
1459.47
6908.64
1798.13
3961.49
6276.90
8815.24
5174.70
9879.85
2806.12
3234.20
4375.02
1491.37
563.10
9486.42
5481.60
8038.15
6468.30
452.77
3441.91
3468.01
1463.62
355.93
6344.39
1160.21
7074.90
4759.57
874.73
9049.89
8750.95
8388.44
196.70
4190.50
5549.33
6631.57
711.60
4315.21
3930.19
6041.11
4809.66
1982.05
796.08
6925.42
4759.88
534.58
9234.10
4942.13
2764.16
3476.30
1578.89
885.03
6038.63
359.37
3072.40
1539.50
5290.40
8103.00
9412.68
8845.23
9983.10
519.73
453.00
6235.80
9467.62
6688.46
634.94
630.09
146.57
5582.81
205.88
5942.85
7483.22
7839.72
3927.65
2119.17
3002.93
6508.87
7880.35
8794.22
2385.90
5682.97
9384.47
394.71
1340.70
6497.54
4699.19
5746.15
4892.53
5265.53
7044.83
6682.39
8826.95
8181.84
6983.09
4403.95
5878.52
375.05
7408.79
3985.73
1924.38
7535.30
4546.78
8348.77
1997.33
8447.55
8052.81
4370.74
1622.40
660.35
304.87
7255.15
3607.73
3585.09
1971.78
7495.80
2644.03
1156.94
1880.92
7724.12
3013.12
4965.02
9193.77
6904.89
3004.69
3279.64
1496.03
2002.73
6972.44
300.08
9628.13
6621.61
2492.28
8776.41
3509.64
9834.40
3598.36
8587.21
7163.32
3083.70
7698.93
7528.08
7344.42
7823.84
3820.14
5960.35
1240.69
1507.01
1835.06
8126.54
2647.12
9039.36
8720.40
3100.96
5148.87
9754.87
9864.13
7967.31
173.41
2114.92
4569.77
4028.55
1836.37
5669.08
8316.19
852.50
3407.03
2573.08
2741.08
6236.03
707.82
6397.01
5832.59
3339.90
1269.81
3663.49
7241.61
3155.16
152.27
9151.19
3746.53
6900.51
4060.55
6305.65
3308.98
2130.43
4422.07
1787.87
2381.98
1845.31
7042.49
5539.75
4291.69
5414.24
1547.87
1738.58
2432.15
9136.68
6995.44
6540.97
9194.73
3967.57
6016.99
9529.76
9724.64
9726.63
665.73
4521.42
2815.51
9846.29
4671.86
32.50
1440.74
3832.45
6844.32
3714.06
4180.94
506.36
328.85
696.82
2743.67
309.49
3238.70
250.76
5929.27
3071.29
1203.92
4464.63
4366.72
3388.76
1082.04
3683.75
650.76
6696.23
2467.21
700.01
577.50
2086.87
3277.78
372.45
5259.52
661.42
4.00
6355.91
6665.67
328.89
8795.25
8277.53
1835.47
5606.38
2880.64
4073.56
2647.68
3531.63
225.80
3242.77
1860.44
3113.37
2417.10
5468.96
7510.14
9444.75
9785.94
3483.30
3407.33
5306.61
8225.73
2202.03
4741.01
1608.13
3620.20
6257.59
2358.21
452.46
9587.36
323.37
814.80
6839.20
1056.92
5287.65
7125.04
6789.49
7180.23
8476.33
2855.06
1068.94
8812.77
575.66
7270.82
8590.12
5662.31
8108.36
3267.58
282.79
5731.94
7976.81
1213.20
1713.04
4023.59
5478.29
5284.94
2301.49
7230.49
4198.80
7022.25
4826.80
9721.15
6252.62
1831.81
736.43
2296.07
4025.51
7691.24
4974.29
5413.82
3132.15
9672.37
9622.96
4753.79
4459.35
5762.25
9789.49
7123.97
7566.79
2072.34
1434.60
6376.35
1152.73
664.37
4472.39
6111.19
7039.34
5757.90
3500.32
4071.89
8700.40
886.65
4980.40
1262.03
6926.67
913.60
5072.30
2961.72
7216.03
7196.64
6128.08
6027.12
6988.94
1080.38
5761.36
2159.91
3229.63
4148.05
8555.04
4397.79
1915.57
7384.16
495.03
7921.68
8788.73
362.34
9123.80
9348.91
276.24
9212.75
652.10
4747.84
844.39
6014.72
5391.17
1505.83
7963.09
6076.06
8804.38
3220.07
7793.03
8409.47
5073.54
4706.43
5744.50
3343.24
3297.51
565.31
8513.93
8775.35
5075.78
6760.37
4370.11
9323.38
4526.19
2421.16
3011.55
4501.90
5858.76
5156.69
9449.58
4567.35
3392.20
9614.94
1738.33
2007.12
1243.62
7092.63
7634.96
8455.90
5423.15
3159.60
6802.99
6123.88
4887.54
1983.05
3377.58
8160.36
6561.39
9167.65
2417.65
8577.03
2753.33
2483.70
2930.32
3465.32
9802.50
3897.75
1610.92
8755.86
4132.63
9752.65
6469.34
7575.74
8445.52
5964.88
9804.28
3181.39
8907.98
3636.22
966.63
482.86
814.63
2149.34
8555.03
943.26
137.53
8823.06
8706.97
7850.86
3204.05
9324.06
7825.57
3141.35
3794.48
7439.53
8037.97
7470.85
5879.15
8040.01
4078.23
1195.37
226.25
3870.09
8810.04
473.51
3619.21
1988.84
5664.80
4453.83
383.66
754.03
2398.03
3351.27
4076.64
3973.25
9217.84
9031.90
5280.68
6925.20
7153.37
8725.30
6429.28
8783.67
5909.97
9837.04
9311.71
501.34
9145.10
1428.73
6828.59
5875.01
4289.33
9316.25
9696.07
6708.90
6359.35
9835.55
1476.20
2510.36
2213.24
1550.56
4761.02
9258.34
8911.90
4954.68
451.24
4462.65
7568.60
5409.42
5513.86
5611.60
6902.17
5015.75
1472.68
9701.71
5603.79
6278.33
7544.60
2268.93
5193.14
8924.62
5601.46
1606.68
9785.17
6340.34
3659.88
6491.44
509.19
7634.66
8939.91
9207.76
9708.93
1219.07
7543.09
2091.39
1026.53
3294.87
8356.46
6720.83
921.46
9785.46
3532.35
1671.17
3165.06
3354.02
7396.82
5144.09
4111.26
7194.68
7918.24
3710.01
3738.19
5065.89
8122.16
2649.74
4326.13
7962.12
2291.01
1927.66
9000.61
2582.45
5006.48
8178.92
7419.54
1181.69
4016.92
3752.12
5791.99
5179.55
3741.82
6851.92
1607.30
8170.56
2188.31
6501.31
4564.81
7884.76
5204.54
3920.66
6182.95
6689.46
952.00
1946.34
3786.24
1214.39
3112.95
1134.68
9496.38
5586.62
5868.68
5206.92
6359.47
5101.50
4124.35
7997.67
5908.16
4748.37
5659.08
7924.83
231.95
6122.25
2791.86
3374.79
8556.52
5593.88
4604.75
7282.96
2667.33
9495.23
8617.87
2695.71
1228.72
2121.91
4175.26
1299.54
3513.47
6260.50
8828.36
4093.24
2933.29
6240.01
6768.47
6924.55
8277.13
5773.27
5799.85
2335.19
3697.28
8417.25
9290.42
6460.73
3222.41
1672.63
4872.30
2833.81
8866.60
7187.96
4428.22
2970.87
3604.19
2856.00
1002.52
2977.30
8414.22
1602.38
3183.35
108.00
3535.50
2749.40
1925.49
9209.64
6972.67
1349.55
9739.26
7505.24
9934.95
1239.90
9916.35
4353.19
3007.35
2150.02
8437.52
2956.23
7970.34
5150.77
8598.30
788.64
6411.78
7322.09
7275.05
2746.26
3827.89
2790.55
2505.63
9983.93
3404.76
1093.82
9978.61
2109.96
7360.78
616.87
1042.57
2666.56
7911.31
7894.44
1905.83
7849.57
3779.32
9834.12
5542.46
5417.13
1720.45
8013.87
3583.42
5984.82
6988.68
349.19
3304.27
4751.41
6903.83
1022.09
9577.13
9066.65
7718.39
7858.46
8953.66
6283.37
414.12
6930.75
5723.48
4444.35
454.33
3247.29
1472.40
5008.69
8986.13
3202.96
5117.44
3907.29
6861.62
3697.50
237.69
4911.82
20.77
6598.27
9218.57
6324.61
3652.19
4594.91
7661.57
1743.34
9532.40
8611.47
7337.59
804.82
8769.67
8781.98
7398.79
6273.46
2910.68
4409.58
2669.28
3543.76
3047.50
2369.40
2627.35
7326.85
1209.58
8276.05
5455.04
7775.89
5123.49
543.18
8051.18
7732.10
1429.23
1326.52
4325.42
3854.17
3128.78
3186.66
7542.31
8532.77
8263.94
8094.85
1165.23
4262.45
4183.68
6495.24
5255.59
2958.02
1467.67
1564.06
3790.51
2286.28
4524.89
6686.89
7232.88
3649.66
6233.17
3246.79
8980.79
26.97
5668.85
1515.72
3412.50
6477.87
9885.45
6979.31
2525.95
9409.58
9196.92
1647.09
6543.40
3492.42
9565.27
9807.75
2994.31
2271.28
9599.16
4842.20
5360.26
9449.13
2211.48
2877.80
1385.11
7584.97
8189.62
3626.37
8105.37
6165.95
7611.91
353.34
7420.87
7099.23
4737.49
4529.84
4512.13
2775.02
817.24
296.87
2055.53
1912.53
4557.57
8220.76
5435.84
4849.71
2045.80
7865.86
5912.22
7571.42
6236.95
4249.26
7279.26
3135.00
3482.55
7002.44
6813.78
2295.33
196.87
1448.92
7326.15
5303.72
6835.56
1538.05
5963.81
3082.92
6481.56
7282.58
2550.94
9060.83
546.61
9652.40
8017.84
3977.12
6516.68
5752.25
3723.00
5529.06
602.45
7905.99
1339.12
9814.14
9045.47
3268.35
9067.94
8425.80
3103.32
9742.03
6575.12
7186.99
2425.46
7810.92
4733.71
1840.83
9347.32
6832.84
6066.60
8441.18
2510.72
2700.72
1685.22
4380.74
1965.66
9172.41
69.14
41.78
9236.49
4971.51
6755.81
249.89
76.08
5372.23
7394.02
314.49
325.21
409.36
9822.80
5480.89
9489.37
6917.60
232.97
3648.87
9998.24
7820.44
6155.94
832.90
1618.96
9573.68
4304.05
1906.39
8726.03
1568.75
8297.66
6393.18
8229.47
626.92
667.09
8523.36
5799.87
109.11
6211.41
1432.23
7400.71
4501.05
3129.75
8376.74
1981.20
2670.18
7266.51
1471.21
4035.06
1404.97
2860.39
5865.75
4418.94
9643.12
5036.43
3802.52
2015.53
2707.93
2133.26
2246.28
6556.03
6019.91
3939.92
4185.31
4285.57
7286.01
7303.35
1421.74
2616.60
5866.88
40.11
4660.06
2528.23
4753.10
6157.15
27.31
2181.14
5830.47
9750.54
3607.23
3017.73
5044.08
6620.57
8305.16
2103.12
2018.16
3656.02
6858.26
9424.60
2044.34
2555.52
7078.77
7049.60
978.66
3016.08
2712.76
8123.02
9856.99
2435.54
1018.91
5752.62
1976.34
769.59
6703.07
1068.01
9652.68
5053.23
5767.30
5313.79
1299.86
7445.65
1194.55
4366.88
9375.78
6756.95
7703.70
8335.55
9302.23
5335.23
3094.23
1381.67
5548.00
4446.24
9717.16
2417.43
9116.74
4449.42
9321.85
400.02
9737.70
2447.03
5093.04
5387.84
7822.81
4416.97
2996.31
8329.88
915.20
9094.62
7695.79
7626.92
621.30
5295.82
3612.18
4205.17
4917.03
8145.32
8799.47
5956.89
188.09
1190.04
2389.05
2740.30
4838.47
9033.04
2441.86
6889.89
4012.58
4174.91
3080.75
5703.04
9889.20
1950.28
1965.12
5412.16
946.60
2482.01
5857.89
4276.89
631.82
6745.55
4025.35
4291.94
4392.60
7243.00
928.31
3847.64
6497.95
1669.58
7325.95
1374.74
7164.13
7429.78
840.71
4590.62
272.77
3432.63
833.95
893.74
427.99
7941.44
4388.36
5122.23
8600.65
290.26
1087.49
6790.78
9665.83
5500.18
7824.24
5127.70
9139.57
5463.18
81.25
1841.52
8431.73
716.62
1628.30
3368.95
9627.93
8847.83
6580.27
4372.88
2169.02
9813.48
6751.19
3071.51
1892.55
3247.36
723.92
8117.76
7368.92
4150.98
2307.02
9343.97
979.74
8254.21
931.09
4228.58
7506.02
9432.49
5221.50
1672.94
1796.19
7273.57
5885.14
3303.89
2372.28
2237.30
3216.30
1309.34
137.21
8354.37
4066.48
6341.52
6700.99
7804.10
740.45
6397.22
4331.98
4484.94
3623.54
571.03
7361.11
1625.58
1345.43
2384.66
8073.28
764.24
4118.52
8555.41
4010.17
8010.66
1339.53
5745.13
4352.75
9667.83
9799.84
1432.68
4853.48
3135.05
2220.69
7959.59
5045.21
2871.00
1214.54
2117.93
4186.15
1117.74
1575.12
4971.31
219.25
807.87
4593.19
8848.20
7934.62
1421.88
3741.02
2598.47
2268.24
967.22
548.76
7221.79
6535.76
5688.16
8930.67
9995.59
3915.99
3236.04
6662.26
2926.30
6363.28
3405.57
9749.43
6907.62
9071.06
6999.95
6565.02
2737.51
7891.74
8542.28
6334.95
5786.44
6123.54
2873.54
7673.98
1502.37
1961.26
8685.77
3067.91
4475.85
9595.73
3193.43
7388.72
7288.17
729.44
6986.25
5448.62
6320.52
4970.01
3661.79
2924.00
1821.71
1100.78
884.52
9983.09
9511.51
6082.87
6323.79
4070.95
9466.36
3055.49
1152.04
1046.08
9624.75
6249.31
10000.97
2077.24
8853.50
311.48
2244.47
3321.08
3857.30
6885.24
1709.47
7057.45
1830.54
8301.16
7173.08
48.08
5624.06
901.58
6299.90
2750.07
1448.30
1683.65
7701.75
2068.88
6481.16
4848.66
1387.76
765.19
9225.52
6844.73
6846.13
1164.24
9141.35
5925.79
7240.19
3597.52
7015.05
4673.23
1037.91
3744.60
9065.59
8758.77
7866.93
2074.05
1470.95
6470.30
3346.45
3283.26
7160.43
6857.09
865.28
8333.06
23.49
977.24
4650.20
9789.96
2246.96
4347.17
9256.06
4944.75
3838.64
7564.15
7703.83
5301.21
9321.52
4768.68
2207.94
2013.92
3873.33
5419.51
9727.88
1268.62
441.60
9347.56
2582.45
3357.65
686.05
5701.57
4511.37
3270.89
7417.90
6370.00
3768.26
6182.94
7327.81
7570.25
2247.08
1604.43
492.94
2266.25
655.39
628.07
5773.43
3927.85
7709.41
3045.41
3424.05
9527.26
3167.18
919.16
4778.65
4911.57
1807.14
932.35
6411.29
1938.25
6940.14
8125.35
6072.58
7145.17
8424.86
4687.19
4431.69
5647.09
2023.03
4606.05
6602.84
4334.58
6040.56
2311.81
3722.28
5062.96
3637.87
9336.37
7472.40
3268.24
6573.57
2199.69
3794.18
1194.60
9489.29
8748.82
8526.82
9047.36
1436.95
7175.11
896.21
5282.96
342.76
1020.83
3645.41
5230.48
3872.77
7158.17
9165.29
1616.50
9024.79
2631.83
1680.64
2201.05
7973.07
2877.96
6253.63
8869.09
3494.60
2763.33
8440.30
6638.65
939.15
7285.93
8002.04
6568.45
8090.26
9852.34
9314.04
2758.94
1386.12
7046.56
3666.97
7651.15
4487.89
6581.91
5310.29
3237.94
4027.94
3254.06
2810.30
4896.56
2411.31
4918.43
8648.47
6287.62
7664.32
3218.77
2719.96
5871.38
6055.59
1510.82
1820.52
150.54
606.75
6590.45
5258.33
7297.82
6353.50
9583.03
7216.84
1031.78
7964.26
7904.38
6132.55
2130.13
2119.28
8172.28
3721.08
6786.64
3897.94
9648.51
3111.40
3877.41
3764.08
9814.80
1988.75
7853.63
5134.60
8823.41
2366.51
1230.44
550.04
9238.93
8258.53
9694.58
9731.87
6138.68
383.85
2365.17
2271.61
1568.87
3883.64
213.30
1508.99
8217.89
5864.68
127.93
2713.56
535.35
7175.25
165.60
3347.01
5566.32
390.64
2371.04
6712.78
8304.00
6889.21
9039.08
9883.61
3325.46
7827.95
6586.88
8699.57
7672.56
273.43
5926.14
243.36
211.73
4284.50
1137.21
4393.73
8302.93
6031.35
9561.25
1958.26
611.03
4892.30
5023.62
565.69
3292.32
1616.80
5637.09
6990.67
5362.01
7187.82
1712.38
785.97
6717.09
1931.52
7696.89
8076.83
3124.62
5094.40
2705.84
7772.59
4367.60
5377.70
8713.59
4556.95
4341.13
819.11
9180.55
2862.04
3267.89
1384.82
5048.21
463.79
9767.62
6259.91
3033.26
9485.41
1998.42
534.77
213.63
3456.74
6974.06
9365.44
4734.53
4206.91
7986.16
8775.89
1547.92
6286.93
7205.45
6611.86
4035.82
7772.93
8419.22
1537.63
1258.18
3768.68
4313.46
2633.07
5844.49
6778.29
4550.52
7449.19
4952.92
5938.38
730.26
4236.47
9106.31
9957.65
9495.28
4800.20
8709.18
5265.08
3504.63
1869.07
6123.05
5908.39
790.33
8873.47
982.29
540.52
4438.89
4321.59
8838.20
7332.97
7740.83
3007.17
290.02
4019.91
7802.37
9998.27
2481.49
4576.19
6825.60
5120.25
602.28
4843.70
3894.50
4371.41
2823.19
6949.85
7743.01
169.97
1977.68
2266.37
4084.49
8265.60
4893.58
9365.18
1652.00
1673.27
8235.01
7849.01
8264.45
7547.81
9897.21
455.67
531.54
5333.41
5869.32
5800.64
8421.23
4172.30
6235.11
5875.69
3982.84
9129.58
6907.30
5613.98
5118.87
4384.49
222.23
5342.35
2605.54
8236.29
8670.89
464.79
6692.95
8041.91
6833.23
7565.81
6924.26
8786.25
9845.22
6880.10
6693.47
852.52
128.09
6426.69
6126.11
5228.72
829.38
2645.90
6782.21
6267.20
7859.43
5649.12
5618.77
3917.91
8142.63
5614.19
301.28
9300.54
5262.53
9532.08
8372.10
8163.78
2328.91
7366.50
5345.55
8365.66
3074.20
7460.07
7702.98
9349.44
5927.08
5570.16
5865.27
7879.14
5251.06
7166.54
3482.61
8645.55
2611.48
2168.58
7155.45
9791.19
6766.50
2383.42
2793.79
2987.40
4260.83
6669.68
4547.72
2891.55
5876.80
7424.93
9651.43
3658.86
5739.23
5863.27
2718.50
9134.34
9297.41
8674.21
3735.47
7248.05
4566.44
2099.55
2372.81
4055.75
8969.58
7218.62
6810.80
1743.37
4310.61
2750.49
2897.88
2950.25
6802.24
2077.42
9148.85
6757.24
1542.13
2093.43
2572.50
1532.67
1903.62
1251.71
3558.40
5184.28
5803.26
7822.92
2804.11
3636.02
5753.35
1948.33
9540.03
4543.63
1822.31
676.71
4389.10
5394.01
3363.70
3048.58
4046.51
4358.30
9649.52
8246.71
6470.28
4459.41
8345.63
5410.10
4574.48
7603.61
5380.35
1767.27
9281.26
4946.71
5346.35
9281.65
7476.01
9807.80
8430.28
1016.59
5006.13
5984.85
2139.24
9637.47
704.04
2023.92
9659.47
9242.45
9613.88
8616.30
6796.72
306.04
930.79
684.81
9591.89
8385.44
9756.06
1001.14
761.89
7824.25
6285.58
7645.18
1626.50
277.62
2037.01
9477.60
201.24
8497.08
3639.68
9211.20
214.37
5819.88
3397.57
6986.22
9694.23
846.32
1485.48
1162.70
2506.14
9719.15
7126.45
9876.05
4780.84
1723.93
51.22
1576.80
1078.63
1492.06
3455.86
7885.13
7631.40
1264.10
5505.97
5068.15
9495.54
5012.35
77.88
1155.53
3876.42
6822.44
5558.44
374.19
7962.36
2651.30
2057.41
7103.86
1399.12
6187.40
5846.08
2497.64
2395.52
6443.56
9800.21
1065.35
2314.84
4033.54
6154.92
2592.75
6820.52
8601.20
3938.94
1898.49
7349.66
3738.73
6650.60
3294.48
9474.21
4047.75
4076.82
2954.79
181.19
9286.86
8029.23
4837.90
2828.32
656.03
3446.40
7831.03
4254.09
6737.20
7240.57
345.01
9304.57
6163.17
2794.99
1111.81
3964.31
3279.17
4405.07
4473.76
4416.45
3152.89
716.36
2262.78
5304.37
4677.42
5531.92
2634.14
6460.52
6784.15
8137.22
3938.56
3025.20
1292.39
5997.27
7194.58
794.27
1119.83
8528.33
3661.49
4369.31
8213.02
2028.88
4767.20
5027.69
1618.55
6548.41
6685.77
77.95
9126.98
1928.51
6080.16
949.13
6579.56
4953.22
3530.14
3062.39
342.33
1660.57
5034.18
3462.70
1054.81
5131.87
6706.79
1245.17
3722.82
9119.96
2774.15
1011.18
3879.57
8929.06
2593.01
2542.71
1382.84
9547.27
9032.15
2500.14
5990.98
1081.89
8535.85
1659.04
3354.80
7476.00
899.76
335.02
2394.36
7313.57
8358.91
7035.01
498.15
5548.57
9754.79
8045.33
1827.26
9005.76
8182.67
7155.42
4090.33
9982.76
434.95
4901.45
4634.26
4577.43
9410.17
2436.69
8144.20
2024.42
3104.75
912.52
2526.96
3896.56
8692.67
7601.35
29.98
3740.40
4626.77
9476.63
4313.99
3397.14
1154.29
7206.23
2536.26
4155.74
5116.49
8529.03
5969.71
2753.75
3869.80
4185.01
8338.50
4326.24
661.13
8444.65
1631.46
4914.40
5367.62
69.71
4323.61
5231.19
5392.93
4875.32
4469.25
7669.46
2468.20
1137.98
9277.88
9981.80
2883.42
4081.55
5905.90
4652.14
7857.68
9118.15
7750.47
4580.53
80.22
4430.55
6331.24
6476.91
2928.66
471.44
6869.09
3202.40
5524.18
7900.86
1842.45
7332.06
2042.19
7648.65
8128.69
994.56
2094.53
6600.08
5006.87
8330.41
4153.28
5788.67
9932.37
9365.93
7002.43
3765.64
1959.70
3102.89
6497.26
6541.49
9547.25
937.84
7051.52
2310.41
4812.33
4642.45
2773.51
5902.72
6929.38
4881.18
5597.23
388.37
7336.06
6481.59
1595.04
2187.62
5453.62
3172.94
6612.37
3138.34
8421.28
5977.32
4945.54
6909.38
7806.37
3341.51
8939.25
2920.86
636.32
904.39
1854.03
456.86
1374.22
3327.02
5504.44
1875.36
7135.44
1402.44
5248.11
4698.44
5897.02
5270.73
9810.86
5477.79
8516.30
3860.17
2463.66
2551.74
1088.12
2331.79
2523.63
7127.94
665.26
4870.26
7004.56
9567.49
4370.60
4126.06
2578.65
109.83
7279.17
3469.79
8980.64
8415.73
4622.29
5708.19
7031.06
4181.76
1468.58
5908.06
9340.72
3595.56
4126.11
9868.49
7534.81
3022.30
6376.07
2320.99
7885.56
4840.04
777.41
5001.90
4341.82
413.14
1844.47
6832.48
6250.68
7194.09
4147.19
9455.81
6849.21
925.20
6437.61
1258.22
9724.90
22.44
1715.98
5157.60
8482.24
865.68
7869.94
9906.24
8647.70
8120.77
7650.27
3398.72
139.49
6369.20
6696.49
5215.53
4790.29
9674.49
4291.53
9848.38
5593.31
9945.85
1405.78
6786.09
8432.25
1075.89
2647.51
906.91
7454.70
3264.43
590.53
586.00
3308.32
1746.47
8425.20
6175.79
2630.97
9386.26
757.17
8073.96
3311.73
1073.88
4553.54
3330.19
2806.59
7742.16
5914.04
6243.84
5572.20
9254.71
6903.61
2941.49
356.17
2724.39
4944.16
5433.38
417.23
575.39
9687.96
8218.13
4272.68
3315.70
4220.62
8726.16
9882.80
9995.54
9986.31
2772.28
801.28
8519.09
7650.53
4723.90
5320.70
2973.76
1888.22
552.25
5417.40
5239.96
8421.33
2610.80
8278.89
2586.74
4886.72
6287.03
3778.19
2204.14
2944.02
2789.57
3122.74
7870.33
3084.05
1101.75
5373.66
7374.80
4070.33
3509.52
6227.20
4710.96
9317.63
2699.00
6699.88
6555.64
8138.83
9337.36
9942.22
1332.99
1787.57
2639.98
1146.78
7471.99
97.81
3318.54
6670.82
1521.94
607.53
1043.57
6697.11
2039.11
8879.90
6711.70
9839.49
6593.11
2519.73
3985.91
511.36
3250.33
1056.53
8658.84
9794.40
498.29
8152.01
8719.82
4359.87
8759.94
7939.29
6635.65
5333.30
8771.20
2185.81
2181.84
1111.51
2615.64
5728.18
1215.48
8681.77
14.81
323.64
1581.61
5127.83
2292.20
8844.72
4213.59
6411.15
6291.68
3937.02
8884.80
878.70
7791.01
7940.27
8462.34
578.85
1770.90
4090.37
5248.93
7242.13
3815.17
2697.32
245.74
2652.72
6902.60
1142.43
8402.56
374.05
302.62
5839.01
3149.74
9525.67
816.75
5261.13
418.57
3889.16
7248.12
8554.63
4119.53
8194.44
9554.19
4056.54
4887.80
4587.17
2480.98
555.40
4817.03
8357.09
4979.10
5138.83
9134.37
1304.31
2868.61
7816.11
49.51
628.48
8505.17
9295.06
9364.52
5996.15
1633.36
1960.69
9769.20
2221.92
8644.62
3742.12
222.10
1473.49
3101.68
3299.37
8477.33
6628.17
7955.57
8162.86
9517.28
6319.62
6740.72
9236.40
3949.73
5082.33
2466.79
7295.68
9872.52
6236.59
8688.72
5884.24
2821.19
8187.98
3410.33
9928.87
3024.69
5934.81
6156.87
570.77
308.02
5019.03
3321.12
4302.38
9219.05
8103.96
7319.70
7349.96
2824.88
3517.24
8037.66
2588.22
6411.06
9512.58
3607.84
5133.68
4997.37
3176.12
1885.94
6004.03
3888.20
7275.81
5572.84
2069.68
5122.84
9142.80
425.83
8946.49
1549.76
7722.69
5642.19
7621.45
2019.84
4755.67
1615.55
1178.38
2496.93
1143.29
8421.13
6451.25
2246.68
2011.70
3245.01
8317.93
6133.22
8956.17
5495.91
5641.18
8053.72
5961.79
4592.85
7555.70
5619.69
4260.85
7124.72
6190.23
1797.18
3600.24
5301.38
6124.35
5901.72
4206.40
3804.67
405.62
5917.78
2796.39
8005.29
5807.33
4036.97
4837.46
2871.78
5843.90
3890.04
3431.87
482.03
430.99
1679.62
2222.59
816.77
7131.08
8303.00
2479.97
2763.42
801.48
8373.82
375.32
4100.77
756.75
5762.56
3228.08
8431.52
3385.12
6151.68
4423.59
4230.36
1219.73
7777.24
5802.68
182.12
1229.78
6815.54
2020.93
3099.35
2803.52
3804.13
1372.11
9702.64
5959.99
2522.03
9460.58
1087.82
3121.93
285.99
9832.91
362.97
6447.47
2276.09
9776.21
4548.80
7237.38
4571.35
1732.29
34.47
9041.22
7792.44
8253.00
2066.19
910.68
7460.67
6691.37
9098.57
1047.20
7404.03
6762.84
1450.38
3646.42
8451.35
7820.59
5930.61
6635.97
1292.59
8823.99
7249.61
2223.45
8105.58
602.66
5735.72
112.72
117.10
3170.34
4342.97
2509.29
50.15
6773.60
5626.94
7189.51
4800.65
3940.86
4740.69
7920.63
7496.43
9350.46
7357.73
2975.76
3136.89
7634.60
6925.46
4207.29
6712.05
1851.34
8291.14
4707.50
8748.81
2144.75
5943.35
8272.63
4902.48
8327.04
4985.08
3037.27
4606.43
2702.91
4646.42
3090.89
4297.91
3185.88
7618.04
3291.80
8883.81
7348.49
9899.36
8382.23
5397.00
5126.39
1825.35
2070.49
537.42
7882.39
7825.25
1030.40
5342.00
4374.41
3104.19
7363.21
5831.35
1071.04
680.54
1605.96
9617.72
5093.24
4892.27
3392.98
5974.51
3313.79
1142.33
1960.52
2023.66
2738.46
8627.32
7677.05
7408.21
7545.49
4581.74
333.94
4834.74
1903.05
7069.39
7440.41
946.18
3493.33
1385.72
6733.76
8338.81
9170.65
2551.09
4256.05
2108.97
3182.52
5760.07
7715.11
852.41
7587.24
4973.61
7530.40
8491.61
3234.17
5688.68
8060.54
2337.56
3794.35
3518.96
9388.36
6895.91
5966.46
4435.22
858.66
9464.72
8936.08
2495.15
3320.44
7935.21
1888.33
2420.04
5113.61
3798.97
9589.41
4276.90
6031.35
8119.12
5817.08
5014.93
3390.71
4329.51
6417.54
2718.83
9260.63
7958.68
9913.45
9120.28
4376.10
2329.96
2136.87
7259.52
2846.42
2840.05
1885.31
1880.71
5860.17
9693.10
2918.96
6166.65
6565.54
3990.68
5922.98
3177.78
8722.55
2534.84
6523.39
2264.14
2791.67
1222.71
1698.18
7354.93
1915.10
105.26
6339.69
4613.60
3851.71
8900.79
8809.35
3233.46
6463.98
4334.17
981.49
3982.41
7937.23
5477.15
9451.26
7736.62
7154.59
3203.74
8973.37
8788.52
9088.30
1118.58
2600.13
6610.21
2732.54
2990.02
1944.78
9982.84
9005.94
8449.82
4588.23
6066.11
2943.77
3862.20
6783.25
9135.63
9580.00
456.93
7187.57
9043.61
6319.76
9385.54
2170.65
6550.63
1555.76
3509.91
993.61
630.70
3664.58
123.00
2561.88
9263.43
4804.30
6629.13
2096.36
4248.80
5700.05
7813.34
1306.69
5639.92
8536.88
4507.60
2165.89
6287.36
8213.57
4586.91
7495.48
2126.87
6867.97
6773.71
9648.50
1314.78
3791.82
6320.16
2693.94
4702.62
5024.82
8151.39
2647.39
608.52
5708.45
9476.32
1499.95
8520.28
6180.10
6657.89
4372.64
9289.03
8162.25
9097.96
5093.85
5083.14
7525.74
3789.76
8856.96
5574.13
5484.78
8199.83
8596.98
7167.05
9063.51
2364.93
9750.71
6485.07
8646.86
9545.06
3239.00
3906.02
5040.80
2137.27
9839.81
8766.98
4931.37
8291.57
6157.27
6481.18
8022.51
6029.28
1620.93
310.21
2420.57
8850.47
8690.93
4225.50
5339.12
2209.43
8351.21
4770.25
7354.00
8343.06
1973.49
9358.32
2513.86
5712.09
6087.50
6043.85
5525.61
6082.65
724.88
2936.88
3705.81
4544.68
3157.49
8641.51
8927.21
3295.26
3613.01
2229.37
2132.09
5182.90
2336.07
8936.64
4269.55
8407.71
4888.53
3150.53
6956.62
1471.88
8677.03
3837.40
223.86
4909.76
83.33
4175.62
3173.77
4635.90
6719.62
360.16
2645.78
7478.03
9445.03
8168.80
2475.48
18.62
540.04
7772.97
8550.90
6063.31
6842.75
269.16
4004.34
3262.91
4079.91
2837.73
917.62
7957.36
9637.53
8704.82
9403.26
6722.56
5001.08
6155.54
7311.99
3569.40
480.42
9291.24
6004.02
7314.09
9574.33
7446.19
5401.61
8949.58
1438.24
834.29
3982.53
9855.68
9367.94
6273.79
4090.65
9093.95
4567.70
9588.00
6141.33
1864.32
8797.06
4328.35
9770.41
5375.61
1795.17
8721.20
8189.48
1932.42
2247.02
5971.99
4898.96
9143.89
8000.06
3206.32
7401.66
1521.86
8749.64
5659.43
8375.59
6211.14
2531.26
5203.00
1813.53
5220.10
7823.38
6877.80
2517.80
4612.25
851.95
9278.69
99.26
936.19
3231.84
7935.37
4654.66
1180.33
1271.11
861.32
2654.43
4178.70
3821.01
650.12
8385.30
4673.09
3421.62
5868.14
5543.06
7476.62
2211.55
1015.55
8498.87
8664.23
5329.54
7883.80
4736.21
9862.90
9558.64
2751.84
8634.56
9914.70
1788.19
8871.98
2426.49
6020.80
6802.11
568.76
6251.42
9917.68
5556.46
5572.50
3619.03
2183.54
9253.54
3682.24
7534.07
6980.78
8329.42
2179.42
1007.50
4270.45
4033.55
4.01
2126.63
416.79
6983.63
5722.94
4073.46
7416.11
7666.22
5907.68
8758.95
8272.73
7192.33
4141.95
8947.38
4490.14
822.73
7206.22
6194.06
8394.70
5279.75
7908.05
6729.54
4777.84
5788.11
733.08
3578.67
9073.48
6495.45
2615.19
4384.81
5648.34
4328.41
1871.63
1017.01
4006.97
9860.71
6249.79
2870.94
2775.60
2296.87
6343.64
5628.93
9122.39
4885.82
496.63
9339.05
8073.78
6452.88
5950.65
4729.67
8870.15
8854.52
320.79
5720.19
9740.94
1563.22
3816.57
8131.77
6241.28
8663.10
772.52
3613.81
4213.33
4444.37
7603.72
4438.26
6839.18
5740.41
5613.16
9826.32
6377.34
7054.41
4527.26
8494.37
9756.64
7832.55
1348.23
6880.62
7459.30
8966.54
7715.82
3401.25
3017.29
5235.51
9684.53
4254.60
6591.22
5123.19
5753.72
5937.00
5088.83
5591.02
6719.55
2264.76
1227.76
3390.58
8148.71
5088.96
1585.99
2470.40
7905.31
7626.49
2366.56
7255.63
2624.55
1515.36
2903.39
5837.33
833.69
9011.41
5557.38
4888.55
5255.58
1794.99
6565.19
5846.10
4371.60
3127.41
1174.98
5274.77
178.31
2377.11
1403.50
9459.99
6688.99
2866.62
5058.68
1063.81
1515.48
1070.62
2085.75
9381.87
707.55
6549.95
4679.16
2699.44
8287.74
5592.17
155.78
5869.80
6400.65
4605.37
7346.47
1905.17
5624.79
8492.49
6561.89
6398.33
5273.72
4018.38
5824.87
2992.96
5599.71
4070.11
9067.46
1491.02
8041.00
689.77
6458.05
6950.38
2213.65
7382.70
6191.03
6945.01
2408.06
3805.69
8120.62
323.08
5088.42
7025.97
5388.53
5086.41
9480.02
1128.33
6500.44
4443.62
9705.42
43.21
926.10
302.05
2589.71
7021.54
10.40
3682.05
3373.79
996.15
3438.83
5428.87
1414.80
6471.85
4123.57
3980.72
8620.07
5974.08
7343.69
3154.09
9732.86
9331.98
9835.00
6162.69
9916.05
621.47
5557.17
2326.96
7912.73
9941.81
6217.63
1705.71
6958.64
420.05
5312.32
5464.86
2373.12
6059.31
7880.67
797.39
9361.86
9648.52
8840.35
4786.46
5252.57
8300.99
3484.91
4827.26
6504.49
5468.29
8422.47
3660.45
722.31
6301.35
6438.91
5575.20
1220.12
2449.53
5693.59
223.64
6398.60
5284.85
9589.26
4944.67
6092.30
2524.28
7827.67
2293.85
3989.06
7481.52
1713.82
7150.68
7045.05
9196.01
1465.81
5672.02
9625.80
6769.53
9736.54
4156.62
730.74
7805.21
9108.67
2647.75
3837.12
4762.54
181.48
9693.97
1653.08
3398.68
3024.44
9826.27
6149.09
3514.80
5991.50
7021.26
6906.37
2723.52
2044.10
5016.10
4114.50
9339.91
9200.74
9262.78
4415.96
9279.76
347.57
7787.97
3207.43
2657.59
2141.97
6261.92
5076.57
2273.30
6336.65
9402.04
2545.08
8689.27
129.01
8766.83
5862.87
5734.44
3809.58
7421.23
5611.82
3880.79
2891.26
2573.41
6241.86
4835.07
3771.63
6200.44
9304.90
6518.21
3873.54
9790.75
4126.64
1429.56
1678.73
4343.08
4732.57
8457.48
2356.34
4212.34
9337.43
7501.25
1456.11
5781.95
768.49
6939.98
9874.93
980.53
1232.58
5479.99
3698.19
8873.56
440.56
9760.49
465.71
2333.54
7152.02
8920.49
1114.56
4085.14
5628.44
6384.29
5123.86
1724.25
9616.58
8311.89
6886.33
4262.15
4347.62
9796.57
2337.72
8674.39
7007.49
9446.49
8404.94
8426.91
1762.34
3232.40
7728.00
397.74
8367.95
4038.86
1906.74
4684.34
3831.49
4683.46
77.46
8328.42
1673.24
6286.52
4193.96
4323.66
4505.72
481.24
9596.33
6264.96
1238.71
4423.78
7009.92
9590.14
2647.92
9927.21
7271.20
6253.26
3053.55
638.03
1970.67
3095.57
6509.11
8680.09
8762.39
4514.17
121.26
8592.25
3226.27
2621.08
3716.76
4981.17
3758.70
9888.01
9209.41
8412.67
7020.89
9001.06
2022.92
2376.32
9212.06
2463.10
3004.56
7006.62
1740.16
1259.12
9569.04
754.74
4261.76
6961.97
3073.23
5883.71
8969.93
865.47
4674.78
8618.71
6273.09
9261.55
1149.42
7532.33
233.52
1649.22
3476.98
6757.95
8955.25
5453.85
4837.39
9638.20
7371.99
7390.36
2414.29
1644.32
1737.31
2737.04
3479.03
2512.91
8785.01
6666.67
9284.62
1464.06
6231.44
8413.84
3611.23
2403.32
1494.64
228.98
1343.58
3580.22
8937.99
3464.77
4564.84
799.98
3808.66
3182.12
6887.74
1853.11
4166.33
1297.83
8028.62
8268.67
1245.86
9551.79
9525.27
5389.19
9409.40
6085.92
9187.09
7631.75
1574.58
2283.97
9296.10
3851.02
5052.51
7767.19
7443.97
9170.16
3846.19
7668.22
404.99
5538.23
9357.22
6225.61
1997.48
1089.09
1884.32
1802.10
4660.49
742.04
9962.07
1616.85
337.71
2037.23
3703.97
9672.53
3339.03
1038.51
5761.84
1534.35
6028.11
4226.90
9285.48
7649.13
6884.72
1173.12
2436.83
9052.70
930.14
9986.27
1823.65
7004.96
8071.57
5856.47
226.74
9312.81
2722.83
1084.29
6141.60
7317.39
8378.95
2264.19
8354.49
5553.92
6679.66
5150.11
3777.75
1398.22
3649.09
9898.03
3104.87
5407.79
8905.12
7236.75
4736.32
3470.22
5829.07
2693.45
2981.39
9263.18
9578.17
5591.19
3246.44
7759.30
2513.32
1258.89
9699.53
8940.69
8889.65
5075.86
4733.02
8811.12
15.28
3773.95
8802.37
615.30
9644.50
936.01
9607.62
5328.19
7266.73
5002.55
6699.31
9411.98
3706.17
3852.02
6639.60
694.49
263.95
2090.52
3554.34
4076.25
6528.87
1331.00
3142.90
8528.46
8436.09
8115.74
8386.32
8852.21
4092.38
9756.37
7746.72
4031.38
1252.40
2775.28
3709.36
3556.71
6594.77
3541.64
4108.51
5727.36
926.10
1110.31
1960.01
4052.66
8704.89
3798.90
7461.59
3075.25
5220.78
6694.73
9464.99
1692.98
5064.45
172.65
4161.02
413.49
6564.08
168.79
7385.55
5912.07
6904.69
7479.67
2806.20
4693.96
9996.97
9724.61
5235.79
1172.01
5326.54
749.26
6222.83
8065.61
3863.46
8687.31
7002.46
4778.21
4252.41
4167.45
7475.27
4179.13
9509.60
6419.28
1200.84
275.03
4970.50
5627.75
6497.70
2362.96
2071.17
3838.83
17.15
4794.84
5490.59
3134.08
9760.29
6049.75
3129.83
3731.95
2576.17
719.81
2473.32
385.52
3767.40
9452.34
8846.25
9332.19
3814.51
6187.19
2525.59
4937.99
9493.65
8136.04
6679.92
5852.08
6605.69
12.39
8450.84
2235.65
2320.10
2107.41
6511.51
1920.09
4525.33
8990.35
6928.11
8638.30
940.03
5998.75
950.05
7286.64
3253.57
8084.32
3263.42
541.03
7220.07
8150.75
4669.58
9616.19
3311.01
6479.48
6337.16
7293.81
7536.25
293.32
5494.49
2250.39
7978.58
9838.59
1157.51
1738.28
7875.74
2146.07
8312.60
4020.78
6206.13
1985.19
6474.56
9175.36
4827.79
9071.16
5622.48
8339.42
8788.36
7537.15
2416.14
3698.33
3664.30
5317.83
386.38
1876.61
3618.90
6082.10
4485.12
7101.08
7470.88
7612.53
7893.56
5314.61
9490.86
1938.14
5887.03
2389.63
6455.37
3762.92
1157.29
834.87
6740.66
9783.47
571.40
3821.37
1156.24
2077.73
8185.52
1983.04
2269.03
1329.79
9844.92
9932.64
9958.20
9384.20
2353.69
100.06
2585.47
1241.75
9446.48
7823.45
1685.66
6175.76
9300.68
8257.45
1067.97
4245.09
2435.96
1208.62
1333.29
5600.74
5585.82
2840.56
5881.26
4364.50
4656.71
2607.88
4624.25
4624.14
2459.10
3464.88
9457.45
9063.76
4786.50
1496.18
1572.06
4740.30
9136.81
548.27
4363.82
9681.49
1377.69
1268.02
8633.64
6826.65
6691.50
4700.63
1158.34
7025.84
9887.41
8553.26
7212.98
9470.18
3827.89
253.33
7261.88
8239.51
2904.76
6829.94
2653.22
2705.59
641.69
4383.38
2497.23
3918.60
8043.97
9821.84
7750.99
3553.04
2302.89
1089.61
9838.06
3551.16
9128.58
1017.61
2978.78
5781.96
3462.78
7192.60
457.49
7366.24
8807.85
4140.28
1701.03
2230.84
9369.48
3153.90
1981.54
1651.19
7053.42
2601.01
641.97
9225.88
9009.79
5215.11
9346.98
80.00
3360.63
5553.21
9546.34
4668.65
9222.47
4715.43
3786.24
5186.68
5225.94
8143.47
4076.86
105.78
4556.04
8735.22
3540.81
4483.64
6548.79
6845.65
5203.15
5194.77
6903.14
7566.53
1870.05
6436.11
6.66
1172.90
5407.10
9787.43
8292.76
577.36
8461.89
2133.40
970.14
7251.44
2957.89
288.16
8717.87
8918.38
1839.34
3237.62
4883.07
5784.19
6098.73
8049.30
3108.50
1452.93
7914.06
1698.85
6790.74
5459.31
6860.68
9709.13
6906.30
3051.92
3247.09
5544.45
210.29
2988.65
6227.09
1093.99
9460.40
3796.81
6125.88
5447.05
9902.27
8199.89
9068.00
3628.95
2636.78
7910.94
650.96
2672.38
3553.59
7931.35
8257.41
1624.28
3206.61
2411.66
1465.81
9610.41
9387.25
3831.49
2348.93
6495.39
6250.11
5224.19
3915.06
9448.71
5912.99
3701.79
4897.83
3898.22
9911.08
1047.39
4220.86
3709.73
7117.45
3509.49
4818.60
7709.14
4232.99
3130.24
4690.56
4268.23
9018.21
5901.95
1094.43
2311.04
8414.60
9381.40
576.24
8571.76
7791.30
7682.26
9476.93
4060.49
9414.77
803.57
2572.40
5259.34
4188.44
4901.81
4304.52
5585.24
8802.80
5013.26
3110.34
6727.88
459.36
1648.92
6273.00
6996.30
2097.68
2253.08
3344.25
7359.11
6062.70
2485.41
6342.66
9472.43
4776.25
8958.48
5443.67
6795.08
8608.61
8511.21
2475.53
8284.18
104.96
4910.22
7723.54
5880.31
2966.41
6774.74
1851.29
9927.66
82.78
2453.59
9720.74
116.64
5835.01
118.15
4314.12
6226.56
1944.14
7271.79
49.66
6339.94
2192.77
1860.93
7985.06
9685.74
3683.68
7081.31
7812.83
834.41
5096.41
4298.21
1135.96
1968.44
2186.31
7235.03
12.28
3731.35
6942.54
7871.05
2046.05
1037.17
8724.24
1409.32
7176.19
1608.12
1961.19
6840.34
6117.86
5344.50
7013.98
3954.09
7562.72
8422.33
4737.81
9724.13
1564.61
1640.51
3014.82
4744.07
9779.60
7406.77
3049.09
8305.39
7456.77
4653.46
1770.83
9641.57
1051.39
4985.23
7708.71
2189.05
9986.21
3704.53
4162.37
2561.34
9927.47
2096.04
2628.05
4518.21
6081.58
2767.07
2334.86
7745.38
2149.98
1468.73
5125.13
5465.99
2298.76
2748.55
9301.24
673.77
8815.76
1069.93
4568.19
1299.85
6162.39
8898.76
8943.30
2674.43
6200.36
4164.24
3452.35
1548.76
9802.87
9142.34
2174.35
289.94
9720.82
4920.99
6857.34
3769.93
7756.29
292.80
8342.57
2503.92
7389.90
5391.48
6071.43
7371.83
5982.57
9843.23
6102.00
1691.47
4516.13
3907.07
3183.99
4275.61
1151.45
8453.33
6673.20
6582.01
5117.07
4882.49
4364.01
7097.84
4141.23
5355.72
818.45
3186.16
3702.68
4772.13
7380.78
9005.13
9027.86
5757.55
9486.41
4157.16
3770.54
9802.51
4067.62
1808.57
8316.23
9066.34
5281.16
8107.88
4622.50
5016.89
9293.44
7015.21
2680.48
4573.77
3482.22
9280.11
149.30
1930.85
2262.68
9950.24
8171.19
1601.44
4422.93
3726.16
2955.66
7179.98
3137.17
7780.32
7887.24
6399.07
2495.26
9478.82
1452.07
5458.86
8331.91
4084.27
911.73
6655.96
8875.95
5051.18
6307.45
6742.59
1258.45
2068.62
9327.55
6872.88
6615.16
5640.06
9995.97
4705.99
2344.34
3492.52
8478.95
2740.70
2191.47
8019.40
5684.03
763.48
8771.94
8660.95
2747.94
2573.95
5625.73
1105.38
6867.11
9976.07
6997.49
8894.39
9261.93
7000.57
5877.95
5382.96
8144.16
2330.79
4002.61
3247.64
7651.63
4531.53
5729.52
6304.69
7891.26
239.55
5771.65
5518.33
5561.37
9479.68
744.05
4560.82
2075.82
1157.98
6283.20
7254.17
8398.40
3560.29
7180.73
8199.20
3118.11
8647.89
9304.46
1971.18
5767.99
4227.51
5097.17
6085.93
2449.26
6400.70
1637.58
320.78
3082.72
7141.77
4143.81
7123.84
1706.59
1024.78
93.67
3386.20
7565.15
3541.64
2183.63
6570.51
3702.41
275.76
9993.69
2433.60
2087.21
8764.84
9613.65
4419.51
7455.64
754.97
6123.94
1060.60
1161.19
8557.30
7057.80
4758.57
6543.22
8814.86
5346.84
3749.09
6058.75
8811.72
2050.01
1010.66
96.77
4861.84
6709.57
8333.23
439.98
5510.63
6994.49
3422.46
9527.25
811.25
4272.24
9359.97
2704.54
6390.24
8215.58
4720.19
1228.40
9183.94
9816.76
1696.84
7087.91
4964.58
8316.56
8468.23
1736.94
4297.49
4498.64
9631.77
7609.17
994.02
2850.48
2319.73
4802.75
3487.84
1814.22
7531.58
2499.78
5284.22
3399.82
5172.98
7494.93
2290.05
4692.07
8202.80
8927.19
5842.82
3475.54
1056.72
8981.70
446.68
3820.76
3880.33
1549.38
2695.16
2018.30
2513.66
3868.06
6029.05
3566.17
1583.83
545.85
5144.77
9602.26
5157.58
8389.37
6316.26
1887.71
5232.33
7066.21
2701.99
5662.31
238.20
8764.82
7206.33
791.76
4946.23
3772.07
3379.23
2351.03
9945.84
618.06
368.74
1943.92
2555.87
7763.08
8582.03
9511.59
8508.03
5908.64
8132.73
2009.13
5856.66
2848.46
9875.10
9440.11
2262.21
7815.83
6943.65
9000.82
4861.92
9956.44
8020.15
2182.79
2997.27
946.70
6941.35
941.85
6178.42
9343.96
917.36
2263.65
3805.72
7863.22
4397.58
3846.64
7475.29
4154.57
5460.03
6181.33
9866.39
8023.59
4934.71
3387.02
6705.23
1492.14
240.92
5738.23
2592.58
2303.67
6942.86
8484.20
9404.14
7511.56
4930.02
4607.43
3515.65
950.10
3368.25
34.68
6146.98
5283.71
979.33
3957.89
6595.74
7434.17
4407.54
8562.09
2025.42
3475.02
3530.89
7069.16
4294.79
7313.92
2395.10
525.13
7484.27
9963.11
5955.64
5217.43
7687.91
6793.59
6242.81
1999.61
2389.65
9074.95
1922.57
8542.46
7387.30
2039.74
2849.77
5786.81
560.44
1712.41
7511.28
3610.34
5207.98
2496.07
166.07
4974.80
9295.73
7716.87
2227.92
2450.42
8468.13
7477.99
6614.41
4856.27
1279.93
8875.25
3412.67
8055.45
8884.20
6722.40
2025.02
1871.91
8532.25
366.01
1897.53
7870.96
2523.60
9676.00
9092.22
6152.66
2688.43
7160.37
3454.19
9207.89
181.87
8589.80
7692.55
2740.93
1910.63
9712.23
4685.36
7580.78
8397.92
3335.45
5851.39
5130.52
3911.14
8522.69
6629.80
5504.99
8180.06
1491.15
7261.42
2190.14
5175.57
6343.45
321.54
7598.12
1439.87
1733.64
9858.43
7557.70
3621.57
9825.43
8253.51
3394.85
2011.01
1441.00
6818.17
2542.64
6540.49
8255.23
790.67
6943.72
921.77
7440.68
1755.55
5290.35
6989.79
7058.73
9895.00
7021.48
4223.02
6227.07
4173.52
3130.33
7675.73
6479.55
5971.19
2000.09
8332.29
561.18
2447.06
4663.55
5748.61
3900.19
7877.95
3777.61
6514.19
1038.95
9137.74
6855.20
9772.46
8974.75
1361.17
6861.07
8116.71
4626.00
6177.89
5446.31
217.13
5299.75
8213.28
2848.61
4266.22
9260.50
3231.60
8218.79
2319.40
677.64
8557.44
1165.52
3650.21
994.78
6885.49
7186.09
2275.07
1255.80
3248.08
790.88
941.17
668.63
2261.68
6961.56
1727.56
776.55
8022.57
3969.88
5999.40
7182.16
3670.22
6041.26
6235.44
7585.58
914.26
9154.83
1391.24
4600.97
4109.88
2610.17
2652.05
9046.02
389.45
372.91
6514.27
7768.63
6832.07
5785.90
937.06
8526.80
6664.60
9832.32
4748.33
2002.51
600.85
9747.79
1869.53
347.19
2950.03
931.43
9085.00
4109.21
3909.79
8975.27
9222.66
3344.21
164.59
8584.68
7604.77
4717.78
3136.14
4959.38
8683.04
1543.33
327.95
1342.49
6318.90
1343.42
240.18
1179.84
5423.42
4024.23
881.88
6996.61
5832.82
1867.71
2757.45
9987.64
7572.78
1286.40
866.59
7839.39
9734.58
5614.30
2811.68
5369.92
7680.91
4334.05
2157.66
6003.62
3109.03
2091.37
6759.67
6967.94
7379.32
5888.93
1801.67
9871.62
2234.28
1727.35
212.01
4657.49
3707.48
9420.79
5830.93
4571.09
687.39
4090.36
1828.21
7591.41
1719.52
2968.67
7379.01
4727.59
9827.36
9696.88
7555.40
7981.97
6875.04
2458.14
4102.69
127.25
4434.78
7222.24
6927.77
8222.89
7738.78
443.09
2429.67
3392.48
7853.21
7556.62
1998.18
5401.50
8202.61
8834.12
4311.27
9338.32
7712.63
3778.56
2697.38
1669.49
3461.46
31.89
8000.65
5690.74
1325.18
5837.51
4837.67
3514.00
8263.29
717.12
4911.04
9392.74
230.25
9034.96
2022.50
6540.66
3533.48
3492.29
8147.79
6014.04
2025.11
9071.85
640.50
8349.51
6906.35
8142.10
6832.39
6995.36
1596.05
1701.81
6842.44
8163.85
5319.80
455.30
7675.45
366.52
5097.17
203.31
4222.05
9580.03
5045.48
2776.51
4958.99
8639.04
7143.54
2125.40
7240.47
9315.75
811.52
7785.64
7091.23
2752.93
490.51
9401.97
7335.39
1542.14
58.38
2998.71
3016.13
2348.13
3810.04
5340.77
1175.05
3234.40
6888.03
640.02
2154.56
8052.65
8624.93
1118.44
401.49
8331.05
8394.69
8609.68
5071.17
2606.02
9846.81
5293.47
6058.81
2197.76
6527.05
3693.94
16.36
1220.72
5560.09
3589.50
9271.25
86.15
3005.99
5393.47
8657.37
4376.74
5260.11
4855.12
8530.12
7916.62
9606.61
7866.74
5975.28
9103.60
5869.41
7732.95
8490.96
3895.47
6975.74
3224.43
2736.38
182.25
9238.20
8311.12
2363.36
1842.37
4558.21
2067.03
3563.77
6555.67
1315.95
5879.34
5765.35
9417.37
5449.30
8875.13
1052.94
4299.51
4354.63
7020.27
7335.77
1768.77
3208.59
3944.49
7951.54
8924.90
4700.53
880.08
8995.06
142.23
4048.82
5860.04
2173.26
419.93
5346.35
3813.19
843.25
1578.65
4452.56
4822.45
4419.88
8092.08
9477.86
521.87
2554.73
1766.15
5355.36
3139.69
9881.66
4554.18
7452.51
5913.31
6561.83
6877.39
6063.60
627.89
4572.89
8328.26
5814.57
8087.98
7506.24
8101.42
251.12
1878.52
1158.68
709.21
8869.10
7287.34
1145.76
7957.66
4957.24
8621.93
5742.69
4750.69
9489.49
1785.99
8420.15
6129.17
3134.41
5343.15
4141.20
4893.61
4021.28
2022.93
2287.40
1195.19
9446.76
8081.93
6073.20
1743.87
8346.11
1383.72
7766.55
4297.89
6931.36
43.84
7361.02
530.41
4576.15
3215.17
2450.31
9284.42
8373.16
5059.64
4899.79
6855.04
7212.54
5101.75
6112.13
3302.92
5519.85
2045.66
118.07
966.97
6511.52
1270.10
6767.42
6177.61
3903.10
3784.01
1274.47
1297.85
7861.12
3681.54
7579.16
6438.47
1274.40
3596.10
8821.88
7969.13
1302.88
2796.58
6874.01
6784.56
2192.62
5705.03
5443.65
6641.54
1509.79
3084.50
8594.74
9337.17
3079.35
7418.79
934.69
8163.49
1932.09
3580.79
855.89
7111.95
6027.96
4865.70
5313.71
232.07
1174.52
8346.39
6596.13
4741.00
7530.42
531.87
3658.75
2190.88
5560.27
2823.74
6678.38
2058.67
9177.09
7096.26
5248.90
841.11
2970.65
4796.79
8334.75
9224.67
2932.55
4235.81
295.71
2010.86
2429.21
7089.82
9282.05
9644.33
7496.92
9312.61
6053.31
6835.30
1835.68
688.68
7837.11
7754.69
65.49
6310.17
2123.94
1540.30
292.30
2680.67
4361.70
1228.14
662.57
3714.48
7109.14
168.52
2847.78
4097.87
7755.75
4233.38
4816.89
5869.23
2360.88
9880.23
5615.36
6345.90
9288.88
7710.46
6396.81
1816.83
3436.49
3515.77
510.68
8103.22
8746.53
2565.08
3574.54
2931.36
548.95
4697.89
1682.92
8944.17
3642.55
3497.92
1957.48
9692.28
464.00
6817.03
9242.68
9271.31
1318.55
6441.01
5825.08
9161.09
3418.60
2962.00
2635.45
3153.12
9620.20
7963.27
2894.67
2482.80
7256.43
8371.04
8544.80
1610.78
6667.27
921.40
207.66
5238.18
1629.32
313.22
2749.57
8225.79
8726.02
6833.52
1897.80
1421.29
5102.91
2277.15
356.44
2351.97
9421.35
1288.82
9938.67
5174.08
6874.60
8011.21
3132.87
3060.46
892.57
5019.16
2053.46
1938.84
6068.74
360.65
5147.13
4002.75
6181.41
5797.51
3783.44
530.43
2891.93
8120.66
7260.05
5949.14
2679.74
2984.05
1644.46
4136.63
923.54
4647.77
9125.52
3822.50
1312.90
1084.19
7756.19
8973.81
6294.79
1255.98
4236.61
870.49
4800.56
4018.83
6153.53
9138.55
89.94
5631.44
6658.45
6729.29
2426.48
8985.11
20.37
3390.21
7000.60
9822.76
1669.86
9954.49
9321.45
9561.64
6718.78
1695.06
7485.19
8670.76
5473.64
9671.28
6624.90
2227.15
2928.35
2576.45
2634.67
8104.12
7646.04
8247.36
2847.37
6593.51
5585.77
9221.60
1394.29
1998.17
1155.84
5476.17
3729.06
5867.25
7531.67
7921.77
6464.59
4039.63
1225.76
8472.96
3810.94
3144.48
5787.33
1967.99
7512.81
8329.75
4945.31
9958.43
4954.59
1313.85
6246.17
5483.31
259.20
7518.85
1947.40
9275.70
5146.85
2036.52
1906.30
5383.72
1878.94
5832.84
6.23
3728.55
1241.70
2453.93
6007.59
4174.65
6825.08
137.38
1917.58
1708.79
8748.93
3392.77
651.02
7681.73
3953.53
5459.42
4085.12
1718.12
7330.40
1697.20
2485.36
5024.94
848.92
7175.45
5014.79
9262.88
1197.45
8448.96
4714.07
2598.71
4227.67
8346.50
6215.57
2276.91
882.60
634.99
9607.52
3957.96
6987.16
9329.85
9860.33
504.37
8520.49
8475.89
2914.06
1312.98
545.20
6926.39
5235.79
299.26
3552.84
5956.59
8370.58
4708.12
497.85
2704.24
9197.34
8234.01
5163.74
3038.80
7035.76
4382.63
6669.89
2121.31
9212.14
5374.14
2035.72
5228.87
9362.25
6207.63
3883.02
5891.83
3476.98
1541.16
3354.24
9356.49
893.74
2797.20
5551.09
4191.13
6605.30
249.41
2302.13
6739.06
2978.65
9620.79
5366.15
1431.93
6356.38
3442.22
4216.40
6241.30
8197.13
4400.05
346.50
2184.93
6004.92
4370.95
8954.81
9910.68
4849.75
6923.58
5103.98
4629.45
8919.27
9616.36
2466.54
1231.07
9853.32
9094.29
3818.33
8806.29
3953.76
9262.86
8061.94
619.39
6477.36
3173.16
5766.92
8654.06
18.02
3429.18
1976.76
5930.93
9546.00
7200.19
6954.25
9310.12
7161.75
8253.61
976.74
4601.54
7708.02
4862.25
7408.89
3242.00
4098.65
1149.91
7471.24
5834.77
8763.51
9202.39
2957.46
6310.58
4294.64
593.81
3321.87
6467.92
4990.88
2625.47
3853.27
2945.39
1577.26
73.05
6946.48
9000.28
3681.45
4710.52
1975.03
2987.85
8272.27
9905.47
5544.12
8066.28
4761.66
9379.25
7154.16
6372.51
5965.78
1730.07
8902.99
941.80
8212.75
9512.60
6246.14
7849.22
8850.52
3808.60
8639.16
5298.52
2950.99
8371.74
9696.42
3956.56
683.77
4180.22
7017.89
5930.03
8122.60
4449.75
9503.33
8827.10
7524.18
7804.84
4512.13
7024.83
1245.46
2126.75
9125.35
2819.77
1809.36
2386.02
6215.64
1805.50
2589.77
4154.11
2393.60
3977.89
8179.33
9337.14
5936.92
285.50
6492.42
1626.84
9766.81
4409.66
7238.46
7104.60
173.93
218.10
4190.75
5137.40
8513.95
3032.57
7659.07
4773.97
3050.38
1419.83
8095.66
5412.49
2789.12
7568.20
1888.09
5939.99
6129.80
2402.73
5727.87
1358.06
8243.38
2255.96
4808.31
2798.84
5312.78
5218.68
7278.38
8129.23
6222.93
2154.15
7062.63
7689.53
1181.95
7945.76
8653.64
8580.42
1242.25
6722.31
765.38
8261.20
2259.31
753.27
4742.31
4145.51
9574.40
6249.51
4578.81
2398.07
1445.74
3451.42
6774.43
9948.42
4443.50
1020.69
704.79
2004.51
7282.04
9291.29
8572.24
3198.34
5219.50
1872.49
1659.57
644.75
6882.61
9347.96
8942.66
4154.54
4680.23
9556.18
3599.37
3556.79
9.21
1974.92
4291.53
7949.82
4086.13
943.38
5834.52
683.97
4688.15
2257.01
1299.69
2595.96
8242.07
1506.85
2701.58
5268.82
3412.69
7179.52
1203.13
7868.40
9676.82
2239.69
9219.00
6950.16
8235.07
4851.09
4151.56
4714.51
3106.57
4022.68
365.73
8001.38
9677.98
2318.28
1152.56
5819.67
402.53
3616.22
1278.92
5284.55
2033.90
600.34
8724.67
9535.08
1953.18
6838.81
7183.82
1985.10
7359.48
6200.61
4479.89
3690.35
5777.28
9579.33
3398.89
6784.01
3330.71
8940.83
3069.26
9110.72
6244.92
8060.97
9578.13
7355.07
1206.03
7838.98
8507.21
1245.72
7835.30
9823.49
5836.63
3278.17
7387.55
7755.06
1426.02
1104.32
9585.62
3207.22
2745.80
1325.60
5719.11
623.63
3439.40
5207.95
2879.29
5842.38
7220.74
9371.96
7182.70
9291.69
6690.58
5143.00
8696.34
330.64
5829.11
3730.53
5687.14
1754.27
7410.80
5531.87
2324.83
8427.28
7163.19
8140.42
8500.26
5574.77
1741.28
8014.09
3988.12
4118.73
2064.37
9684.87
9199.15
8905.84
7116.51
3381.29
2666.40
7678.76
5450.30
8416.28
6726.51
7678.22
3126.32
6590.57
5698.77
3318.53
5103.07
3459.20
3316.42
4907.44
1603.68
1607.49
3228.81
8049.59
6330.91
9115.94
8002.42
6547.03
4446.78
6992.27
8089.35
577.53
8086.95
4036.30
3325.02
5302.85
8521.06
2307.73
8942.48
3306.23
872.07
