6457.90
1639.56
1315.52
3233.89
1994.39
174.68
1447.59
113.96
250.94
7205.37
1913.44
1466.93
1325.99
1539.82
5455.27
1017.18
1445.07
5398.74
150.79
154.53
2152.10
2187.17
4300.82
2478.85
8907.04
732.43
1367.17
1603.89
1505.27
3482.41
6234.75
4920.52
1284.43
1588.06
6171.87
2401.97
9539.15
4384.86
1617.12
7329.41
1450.01
3258.32
1832.84
9553.63
4304.02
4527.59
5248.36
1018.68
146.61
1459.33
3174.34
1226.58
1078.70
4345.68
4714.34
1811.84
5950.77
1729.46
1347.16
2441.60
1677.00
6547.98
1907.63
2733.26
1793.00
2816.92
3366.56
2211.86
1562.36
2789.17
1049.69
6107.74
5599.84
3274.60
2878.00
3220.51
9598.12
3980.12
3315.17
1997.40
8573.75
2363.60
9678.39
4123.71
366.33
6413.05
8053.97
1495.85
1787.11
174.14
7241.81
1168.52
2167.77
3250.75
9007.39
2415.20
5910.86
3419.52
4269.53
5553.22
4310.15
2843.16
2006.37
1651.20
7402.36
118.22
2506.41
2414.10
6168.84
946.25
1515.99
9241.13
2987.77
2910.07
1422.60
3157.47
2385.28
95.24
3537.38
1542.48
168.73
4389.55
5413.50
1169.48
1700.50
443.71
5827.11
2140.23
4394.32
9979.28
466.27
1186.19
2697.75
1185.71
3670.48
399.34
2766.27
5265.86
9724.36
645.31
1237.02
4709.35
3275.94
200.51
5834.03
6033.92
1036.56
7437.99
3103.11
1874.75
8255.15
1467.95
4678.56
7108.73
6620.39
7487.93
5749.70
1940.69
1490.69
4082.36
4319.77
1409.27
4177.84
3011.67
2120.32
8272.35
1131.93
1404.73
1656.68
1670.41
1082.75
29.83
8023.09
1091.34
1454.36
7081.34
4610.87
4767.82
7580.55
7071.72
1518.81
1328.19
8893.90
126.40
4393.59
2014.80
4185.22
2599.38
9417.61
3988.25
1424.95
7523.44
2854.89
4734.81
7999.98
3109.70
1531.04
1556.80
3182.38
1567.86
6975.92
2873.16
73.92
2319.31
6313.31
1028.93
8626.45
5787.21
6586.15
1060.79
1316.67
1963.02
15.29
8260.72
2115.43
56.18
6228.54
3234.15
5191.95
1252.65
222.33
1208.06
802.39
1639.58
4109.62
1364.91
1881.50
863.22
1768.42
5284.97
2114.90
7205.01
6406.77
6503.80
1205.70
2039.00
2507.64
1395.49
11.10
4418.75
7186.00
1958.28
5638.92
9949.56
4968.49
3642.86
90.22
3429.22
1717.57
7435.54
6200.91
7928.98
5047.26
3138.45
3106.38
1623.00
5220.55
1177.03
3999.36
8221.30
7027.68
727.00
6110.97
6200.89
1070.48
6893.62
672.23
5670.89
2151.10
4522.35
8165.01
6294.31
351.30
1236.07
1684.91
4970.45
7478.74
3163.37
2471.58
1358.93
2359.43
1702.33
3978.89
9006.57
1081.15
3907.40
2671.39
1765.73
4128.65
8785.46
3287.25
2893.30
7487.26
8960.94
626.51
7794.86
1175.94
1667.60
8389.94
3659.59
5686.01
3943.75
7996.50
1238.68
3587.34
1543.52
7975.93
1853.46
3622.24
4848.22
6635.18
4030.98
136.66
1499.34
6865.38
1964.51
2798.68
267.02
1205.09
3360.74
9689.32
2985.44
1671.27
6969.89
9692.63
2957.16
7301.22
8790.55
1600.66
1304.82
6907.47
843.27
8471.78
1742.07
4314.09
1649.23
407.20
4495.26
3832.64
1341.89
7114.20
1809.28
1964.43
1669.42
3708.31
2491.08
3396.10
7657.86
4513.97
2426.80
1514.91
6759.16
3251.51
4090.59
1903.31
9589.07
3367.58
9455.25
6300.19
6249.83
3644.47
1473.54
332.48
5783.25
1962.07
1464.40
2878.14
3009.78
1856.00
1425.95
9528.31
3043.47
2184.58
5230.40
8932.47
1038.59
1409.22
4440.56
2816.08
2137.70
1404.14
4272.03
3525.01
3622.68
3975.18
5901.52
9019.32
4493.62
3659.92
9587.12
4262.00
2533.41
7373.61
1730.93
3359.57
2610.78
7381.47
4908.52
1369.95
9423.45
9987.51
1274.55
3108.04
1811.18
7696.10
3113.45
1377.63
9804.68
6062.77
1415.73
3636.23
1401.67
4371.77
1901.11
4837.40
1246.67
3493.27
1096.46
2905.95
1617.10
388.91
8533.56
2091.61
2760.08
1950.66
242.14
2588.29
33.56
2978.34
6789.59
3016.97
1659.75
2963.10
2026.50
8407.14
2573.35
2580.91
2398.73
5368.87
2934.08
7774.94
9178.68
2549.03
221.10
3249.01
2752.25
6803.19
3713.68
2319.01
2640.19
1801.09
8154.06
5972.99
2822.70
5254.27
3896.34
440.71
2230.66
1250.48
1364.43
2869.43
198.32
7221.11
5440.49
6091.21
3092.07
5500.34
4451.00
3353.41
2282.38
1764.56
3561.32
3390.23
1632.08
1246.28
870.93
2721.73
1144.86
9490.88
3508.23
2664.41
1204.97
1984.87
1689.46
398.88
8907.86
24.18
2844.79
6089.07
2437.58
1533.59
3286.94
8571.89
1016.20
4461.14
2137.16
5185.83
4120.81
1336.10
1672.16
4306.78
1015.63
254.29
1133.00
4680.08
2598.95
4580.92
3738.52
3142.56
4599.27
392.57
3768.74
2859.20
5024.67
8205.09
1246.11
8762.89
9552.98
1161.45
7852.34
2154.14
1473.79
3043.17
8788.69
2035.89
3120.32
2796.58
4975.92
4053.38
1460.57
2678.72
6422.09
221.59
3709.79
1479.04
386.18
1380.27
4256.18
1838.40
2591.01
1991.85
7034.28
6092.69
1246.16
2060.50
129.80
1893.66
1903.75
2252.76
3670.10
2089.82
167.74
1407.40
7161.78
8553.05
536.73
2258.07
1415.85
6525.49
1026.65
636.36
6362.47
1787.75
5137.74
1115.78
545.40
6410.69
1063.70
3371.20
2125.46
8648.72
4554.73
9944.74
1919.40
3306.09
1866.35
2232.76
7682.31
773.97
5983.66
8701.18
3363.47
4184.90
104.95
6056.64
3301.65
1808.28
1944.66
9012.77
1642.01
1427.14
5438.55
201.69
1286.55
2276.79
7842.75
7013.22
977.27
3537.93
5849.73
5494.22
1212.77
1236.31
7405.08
4084.57
7137.46
1267.18
8860.82
2383.12
1186.29
9290.31
9653.84
2331.85
5992.75
6238.91
8991.82
5600.18
1377.93
2982.52
4970.32
1125.47
2599.64
2532.96
135.97
3960.89
3870.97
4735.45
5703.04
1362.25
3103.17
118.19
4850.36
8886.24
1543.66
1606.32
4833.68
9860.94
6527.40
5378.63
1772.86
2370.52
2867.95
8691.09
9699.05
152.39
1366.80
1424.80
507.32
6148.12
5053.55
1964.73
6232.26
4271.30
777.82
2916.32
4214.90
1132.95
5685.80
1246.97
1175.48
635.49
1969.77
87.25
1702.63
2907.47
1707.54
7711.10
6190.81
498.50
7986.50
7348.49
2087.01
2524.46
4830.95
9897.49
9607.71
6096.96
3700.18
744.06
5624.67
1484.67
1956.88
8697.76
2853.93
1294.54
8563.23
73.15
9935.87
318.09
1447.07
2853.68
2363.08
397.00
6289.08
681.60
6773.00
1692.43
726.53
3706.54
1030.03
7981.92
2832.05
2015.36
871.21
1259.73
5974.22
868.38
1238.93
1855.54
1065.49
112.43
8422.15
3276.13
6336.61
1243.55
1137.32
3271.48
1306.62
4597.47
6069.64
704.48
4380.83
6483.01
1407.15
372.89
2151.75
1682.12
8968.67
3214.78
1223.36
1197.08
5158.84
1960.86
7591.04
2600.72
146.63
4577.23
7982.87
1097.29
1072.06
1167.73
1560.55
5185.56
1310.74
3452.76
255.15
5985.90
1424.62
2336.79
1801.97
7982.84
1589.75
9433.66
8601.69
4412.68
2034.91
282.06
2732.53
1020.03
2715.40
1740.95
112.47
5569.96
1204.48
7580.10
1818.85
5930.68
6208.38
3808.93
1526.56
3711.87
1227.96
8798.89
1203.58
5510.82
1751.32
3394.60
6335.26
2620.94
1665.63
3886.25
3643.57
1534.73
8962.22
3386.09
1404.94
1043.43
1125.42
2857.80
7549.02
1614.44
1559.04
1963.79
2680.86
150.41
9201.19
1257.01
1827.18
255.06
6548.74
1049.84
2519.79
220.04
179.96
1814.11
1401.29
4489.44
2648.63
1239.96
3605.86
2769.33
2147.16
8937.26
4490.90
2136.27
2351.02
4514.19
4931.58
114.11
5193.73
3950.87
7354.21
2492.67
1681.83
5118.65
9337.17
8548.18
1931.24
1764.67
3352.56
404.49
111.35
1545.60
2730.76
2751.31
1565.12
9929.20
147.38
1761.55
1933.93
5839.00
3005.88
1206.55
8236.42
4097.57
320.70
5836.83
5420.89
786.07
1983.35
3900.87
969.20
793.13
1488.85
108.81
2928.54
2342.29
1885.15
1600.80
4113.54
1610.20
1995.27
2840.71
1379.99
4011.00
2736.69
475.22
1460.33
1908.35
1944.33
3856.47
171.29
3444.38
938.36
6932.05
3645.21
4475.98
3225.14
6069.71
5622.24
188.37
3725.17
8848.78
24.06
2565.86
1284.71
2829.25
4148.85
282.74
4856.30
1654.81
1197.35
776.87
4999.66
1664.58
1908.92
3209.34
1716.37
2790.53
1167.70
1478.96
3962.10
1177.98
3854.97
1325.09
1134.10
1980.74
4508.94
4290.48
6838.30
3115.61
1736.92
2827.68
1433.55
199.72
9278.68
4642.38
9638.83
2685.43
2365.16
1054.30
4256.01
7626.02
1766.56
6581.50
1882.16
2073.75
6249.25
1898.43
852.99
1963.79
6830.65
4987.82
134.59
4892.40
1528.41
1194.93
6074.47
8400.07
621.95
3471.34
1356.21
175.07
2994.62
1000.50
4871.72
6514.89
5844.60
7515.69
1014.81
6081.59
2011.70
3584.60
3741.29
4884.14
721.94
1843.08
5625.16
1484.36
5123.65
3620.31
3475.17
3343.86
3135.48
166.87
7693.76
1681.33
56.12
176.66
3738.42
1227.47
6784.99
1721.59
2325.09
170.40
3130.61
169.18
176.11
5717.58
3332.97
1956.93
7493.56
7319.41
3962.33
2185.01
368.59
7364.23
374.43
1665.03
9451.44
7584.20
1501.68
8191.93
4046.06
4147.12
1391.91
1218.64
3362.98
3521.09
1548.88
1843.77
4453.26
1810.78
9001.80
1407.15
4520.79
1522.81
4635.41
1712.04
2972.71
1884.54
1420.98
3969.16
6609.16
7971.86
1914.56
4779.26
3615.39
2417.90
465.32
2217.61
3397.77
6748.76
634.58
1240.25
8287.34
38.40
3844.06
3493.68
3575.01
1728.75
1736.83
4747.29
2533.54
712.07
4953.47
7904.33
6055.02
5572.53
4498.90
2801.50
2943.11
1810.54
7166.01
2663.57
1756.32
1377.87
6115.52
2832.05
5443.90
8894.67
1650.54
1944.37
1852.75
6559.07
1382.60
1985.68
1352.30
1630.90
8418.14
6602.08
1512.66
1837.39
1520.53
6536.55
1804.25
2328.57
7726.48
301.30
6852.23
3265.88
4845.18
2891.28
6020.88
1509.22
1784.46
2309.78
6439.69
844.59
4950.35
1403.07
186.15
8289.61
4712.12
3995.63
6423.28
1818.42
8882.56
2564.43
6156.77
5283.12
2865.36
538.66
5538.92
1808.53
7220.16
357.27
9442.56
3877.36
1403.43
3198.57
5911.08
2307.35
4447.94
7457.29
5269.78
9103.46
4677.93
1578.63
2144.08
5599.88
6353.34
18.54
136.68
9303.77
9119.07
7065.31
5936.12
461.51
4202.45
4568.41
1588.27
6704.20
1906.00
773.89
3141.41
3452.68
3161.88
1334.90
1582.83
2699.20
8331.62
5632.82
3354.01
4916.60
6444.63
6318.54
1063.72
2039.03
1386.03
4630.98
1495.98
1342.45
17.13
3454.49
4012.09
3788.50
1421.64
10.15
5061.52
3609.00
4439.65
1275.36
1439.99
5129.79
3483.49
2451.26
1516.44
6537.58
9707.48
5877.01
8032.55
1884.80
1417.19
481.76
2766.48
6124.05
1650.92
706.79
1503.75
523.86
4367.37
1839.70
3989.68
3695.37
1408.64
8516.50
2301.10
1848.59
1079.51
5862.37
173.42
2861.00
2778.35
4684.79
3126.10
199.91
7710.12
1204.51
1536.16
2481.66
775.34
2969.10
2321.45
6048.77
8672.15
246.54
1836.23
1063.26
649.70
2430.79
2384.55
6375.54
7331.07
2556.37
3662.54
1858.84
8344.32
1411.70
7238.53
106.71
2076.12
1224.78
1999.13
514.57
1904.02
1374.68
1547.01
9743.21
1436.82
3821.54
1693.53
2352.96
6943.87
8119.77
1915.36
3251.45
2836.28
3874.81
1903.06
8550.08
2217.25
2492.89
1002.07
501.01
1826.92
1983.51
1385.41
1859.20
3122.54
1754.60
1077.93
6749.29
4913.39
2013.20
6991.30
3315.86
9635.43
1834.05
7116.68
2896.15
4969.60
9858.29
4554.69
2179.82
1322.20
1495.32
7299.63
1790.04
3085.02
1286.67
6956.84
7845.18
3778.02
7221.61
1610.37
4115.63
1353.93
3730.66
6977.60
9238.65
2449.31
3424.67
1268.25
1734.73
6565.84
155.64
1168.88
3405.70
1737.71
278.74
4889.03
2612.03
1868.66
279.95
5008.57
2504.10
7934.57
1774.58
339.85
2790.55
2331.07
7715.36
3263.91
1999.39
4989.48
1671.09
1717.59
955.80
1110.94
2299.43
2078.73
6273.85
1440.85
574.71
7058.62
3871.76
3252.71
8115.67
4904.52
1031.54
1469.28
1070.98
5730.47
5586.83
1129.66
5839.53
1598.18
5541.58
6117.27
6923.81
1497.92
7582.23
4183.39
6894.90
1913.60
3561.45
1235.87
7277.78
1987.38
291.25
1216.73
1854.53
4755.37
8758.39
3922.69
5651.92
1686.54
1155.75
2465.31
1223.41
189.23
1099.80
3733.91
3574.89
1394.65
4357.13
8754.29
2916.22
3694.45
7273.14
1579.39
3081.67
6822.51
1192.40
5436.64
4247.42
1431.02
3256.07
1183.53
8660.94
3294.02
2603.96
9432.61
3181.50
3507.78
1162.23
3501.86
1058.78
2850.65
8514.35
4227.53
4643.99
1620.55
5792.75
166.04
6992.73
1379.24
3192.16
4884.90
7759.34
2417.43
600.06
4176.32
7621.02
161.12
6372.47
1494.35
9472.90
2564.76
4846.10
7554.50
3157.35
1041.13
2398.87
1087.57
1863.51
1661.35
1411.90
1648.38
983.32
7747.04
1864.67
3344.41
5591.27
820.90
1286.44
213.44
2668.77
1229.77
9330.04
1909.46
4407.88
7578.00
3458.66
6157.84
8298.13
1661.62
1905.42
2823.05
1644.33
2708.56
215.12
1865.07
7766.36
1138.18
105.46
4938.84
381.62
6656.71
286.54
2445.60
3932.02
1637.35
3610.77
5862.34
193.72
1601.97
2684.62
8761.59
4499.59
2786.00
1115.49
1515.44
9552.01
3070.80
7972.75
1306.98
9116.41
833.46
3739.42
3253.11
3636.04
1191.76
4183.08
1358.09
1017.92
6918.43
5590.10
3361.36
6163.40
9567.21
1486.22
5868.09
109.02
4803.29
1420.73
829.02
163.31
3680.08
184.10
6110.72
9017.95
4988.63
2925.87
3473.99
2038.65
1601.32
7467.04
4161.57
1859.97
1930.25
4550.68
1892.70
478.58
1976.89
2186.91
118.33
1959.74
5961.43
1934.90
3964.49
2392.08
1007.74
3715.25
7526.99
9844.16
6583.80
5264.75
2857.35
4187.70
3112.75
58.33
1148.98
3165.54
267.28
5315.70
379.60
4631.61
7225.28
2421.13
2227.45
10000.73
1499.30
1113.61
8299.62
1532.73
4880.74
3293.29
1005.83
5957.47
1272.04
3333.09
1669.55
1286.02
7503.75
2558.82
1742.54
5510.71
9672.21
1142.81
3747.15
2369.99
3357.71
5982.33
1086.33
4345.57
2263.98
4974.68
100.85
2825.71
260.90
5413.07
1404.79
3565.23
7106.32
4447.89
7038.57
3227.93
4470.17
6832.71
1856.68
8218.86
3266.50
1665.67
791.12
7183.51
5444.70
1963.90
6357.84
6223.37
5585.86
6472.34
1131.30
1028.89
8352.63
8206.89
1573.63
1517.28
7557.66
1063.14
1056.06
8622.16
5507.05
3091.91
1467.61
5987.29
149.41
2418.02
8517.59
161.48
3356.98
1422.85
1134.13
1374.92
8608.20
3403.80
1036.14
1487.28
3409.14
6810.28
5333.05
1599.78
2030.14
1241.76
3616.08
4257.27
1468.70
2581.49
2751.91
332.61
5164.37
1852.69
9766.20
1000.86
9440.99
3683.57
4657.51
4797.71
2248.10
1786.78
7748.06
2593.24
3025.75
4415.10
1580.50
7985.82
6158.99
9062.45
1590.35
3031.12
3403.52
1408.97
1079.96
1338.72
2510.82
1020.76
4752.34
2117.87
1598.90
2101.40
1227.79
3772.85
1674.06
4840.31
2074.74
6173.37
1453.31
7988.55
3680.51
9474.40
1621.48
3632.90
14.32
2572.78
1078.35
4234.81
9375.08
3475.93
5539.50
6450.17
1277.39
7331.87
4404.98
4306.10
891.24
3731.29
6729.15
8870.24
6939.91
8356.26
2938.25
2768.79
9451.08
4914.98
4995.83
4518.40
595.95
1315.88
8079.76
419.00
816.10
1398.83
3043.90
1216.32
3976.82
9388.22
1957.59
6400.58
1167.60
2257.82
4526.12
5192.32
3311.51
353.29
3886.95
160.62
4116.80
7032.66
5292.74
1206.79
1045.34
2325.84
5126.54
1284.89
1719.29
1558.26
1886.23
5018.53
6189.78
2954.19
5230.43
2059.65
1987.95
319.30
5858.28
1802.53
4140.15
6581.03
1102.88
3356.57
1812.63
1367.37
154.20
662.65
6747.48
1515.89
3790.94
4184.68
7274.69
7266.08
749.09
2338.52
8005.03
8765.02
7287.59
7452.13
3184.07
3452.84
2506.93
5519.72
8859.49
1169.25
5405.78
5040.34
4693.21
1814.17
7106.57
1545.41
1321.07
2961.22
3708.73
1736.29
5279.79
6453.22
9.26
6604.87
1107.24
1894.46
1832.39
4424.37
1264.49
2744.22
1.91
4579.37
6832.06
1723.90
4964.18
6734.09
8023.70
4206.62
163.67
104.37
8007.66
856.04
8953.35
3405.74
225.77
4542.13
1113.45
3221.34
1035.70
6439.67
1593.42
7366.80
1319.48
4876.24
324.06
1909.80
1671.05
1591.30
1915.87
8903.15
3762.54
114.76
1118.91
6016.26
1936.55
4978.50
1420.24
3842.86
1274.89
3064.71
859.81
2547.68
1523.44
4017.06
3357.68
2744.48
7847.89
1429.71
3008.12
8302.83
3480.77
8269.14
7758.18
5996.51
2514.56
1863.30
2174.78
1402.02
3864.08
3680.42
1956.52
4955.63
1155.26
2042.50
4176.27
1879.68
230.37
1871.76
2957.01
2740.31
7120.25
4624.71
3421.61
5674.18
1576.48
3873.56
2783.89
1313.20
1316.17
1730.23
2206.87
6914.63
1602.22
6424.19
9227.84
471.66
1078.78
8008.88
8858.06
2609.32
3305.74
2407.59
1041.28
2828.00
1107.91
5223.71
1975.32
1953.74
5810.43
6762.25
7267.09
1855.89
2869.32
1714.05
4516.65
2450.53
9060.56
7989.78
5694.09
1158.41
1468.88
2449.50
3451.73
3815.98
2423.20
2438.40
4640.93
1215.49
1293.21
2162.98
6940.13
5654.32
2844.12
2589.88
2012.76
938.91
3424.84
21.51
4267.68
1227.84
8076.67
9660.13
6828.25
188.93
1831.40
6098.31
1277.34
8954.80
2920.48
8658.48
5614.83
4182.98
9949.57
1551.13
5350.41
4990.69
6857.44
1843.06
4211.75
1132.03
1920.30
7338.21
2595.18
4925.20
2178.44
7117.53
1332.22
1600.38
1634.83
1570.30
1674.95
1086.47
1871.12
3623.17
4805.26
283.39
7617.66
140.67
1857.29
1486.39
2615.14
7323.76
7767.37
6026.62
3656.66
8093.71
2329.57
2644.76
2301.44
7694.32
2910.69
7338.90
1630.47
3265.69
1.90
1164.87
132.47
1437.22
4412.79
1310.15
1227.49
4612.76
1343.58
503.11
1353.20
1881.94
5339.33
2234.70
3277.18
1630.33
1334.19
1638.87
4744.90
3196.20
4037.70
4614.14
7844.34
1051.89
9238.38
9421.96
3408.62
4399.63
4756.66
1039.86
3054.47
2515.46
2941.00
2835.15
1918.32
4339.41
2072.34
3443.05
1771.18
1409.70
132.79
6904.16
9363.09
1716.22
2647.87
1761.92
164.88
1997.75
7439.40
111.62
8258.92
1598.99
2787.66
4572.47
1487.30
4911.72
1281.98
615.47
1849.75
8480.93
1874.68
3738.36
6528.74
3808.31
1683.93
7008.05
3449.33
4834.78
2661.58
5194.37
4355.44
2434.61
1319.46
7739.82
3219.71
4755.60
3106.14
1781.94
1541.46
5238.28
1370.71
2859.88
3661.97
1673.18
2703.67
139.29
2913.42
2141.83
1511.03
1164.35
4726.58
1300.11
1893.63
3681.02
8641.96
1867.02
2363.10
6063.34
6950.88
8747.50
1553.77
5302.83
3081.05
132.23
6861.51
1190.71
2486.20
3955.72
8804.02
1461.53
2377.50
1786.70
9710.88
5541.09
7838.41
1217.90
7830.80
4317.95
2680.63
6851.83
3366.36
1727.53
1742.81
2328.01
138.46
6431.07
3550.31
3918.42
1386.34
2296.97
204.87
3413.50
6080.35
8573.94
863.51
2489.40
6590.27
4945.09
4335.50
1437.46
3872.35
3473.20
759.74
5549.78
1991.22
8664.10
4444.99
8311.06
2130.43
1199.25
1184.22
7911.60
1993.93
1917.03
2379.54
2493.59
6145.34
2528.95
1738.33
1622.52
1312.68
4539.77
1929.28
4124.07
1650.91
9845.08
1149.41
7949.28
3205.48
2264.62
1348.97
1776.45
4285.54
9329.44
5564.45
8386.36
5128.25
2666.87
2634.15
4746.56
3671.29
1192.77
1781.53
1373.94
1839.41
5142.73
6896.96
9694.48
7959.93
8066.66
3337.40
6391.43
1907.55
2066.41
2713.66
1475.17
2252.18
5006.34
2640.52
5659.15
6182.66
7947.16
1812.08
196.56
1898.35
1946.88
8.87
1552.17
1798.92
2643.12
485.43
9136.95
177.43
3604.10
2127.13
7526.20
4268.81
1917.36
8228.60
2319.28
6789.70
9105.37
4476.72
1713.83
4897.39
1389.81
3074.16
3109.73
1381.45
3625.54
6085.68
8507.26
4135.28
9566.07
4651.17
4015.89
4340.49
3880.52
1538.05
7431.54
4682.54
2131.39
8125.87
1778.12
1017.07
6919.06
9664.30
1717.69
7640.18
1164.86
1360.24
2974.47
6494.62
5083.52
8184.88
6039.62
2611.50
7221.52
3306.55
1188.60
2176.88
6233.15
671.85
1650.54
9435.48
3675.42
2112.45
8622.90
8467.84
8396.53
6452.29
1404.78
1455.92
6093.87
374.64
6569.71
1803.84
1075.31
9604.51
2340.17
1474.99
7647.71
5116.18
3570.45
2418.15
1526.56
6457.26
1836.56
3231.61
238.02
456.33
2031.58
1434.61
5844.80
8649.60
1902.24
1321.22
2784.13
128.79
1843.64
3765.84
2702.30
4166.34
4564.93
8561.43
7713.17
7558.32
3614.27
4832.84
3004.40
2952.73
2758.03
1481.63
3679.84
2308.43
5858.73
6895.78
1871.25
7197.74
2290.59
1725.79
1219.18
1192.25
572.67
701.46
2971.69
900.20
2060.65
2722.79
4429.53
6524.81
8862.61
2803.35
4899.42
1689.65
4958.98
1111.10
1412.84
3181.10
1193.34
147.58
4305.47
8551.70
6204.22
1098.54
2988.75
1771.83
2409.38
1294.13
4506.12
2485.71
2837.23
8523.86
2142.15
3404.82
4863.83
3686.79
5410.55
1466.59
7822.10
1699.83
8869.16
1736.75
7740.56
7913.16
1593.29
635.62
5255.50
1255.81
4891.80
8369.46
6404.03
525.97
2616.45
1117.66
1394.72
124.90
1135.32
5622.38
3204.96
2075.61
9385.23
1214.28
8218.81
1892.55
1673.57
1199.02
1133.26
547.20
1967.71
6002.52
1830.65
1592.00
1709.51
1763.73
1351.65
1502.02
624.70
8945.26
3652.75
1743.19
1703.69
1146.61
3452.85
191.38
2580.56
1767.39
1736.27
2933.05
1187.09
1419.67
2847.51
1618.53
1103.76
6648.16
7367.71
3574.03
4243.89
7825.65
4816.86
6454.85
3115.47
543.44
7421.93
4797.61
1111.48
631.32
1259.47
169.75
243.66
3586.17
2418.85
4135.13
721.25
1209.22
4075.74
1562.57
4171.42
7898.09
1667.01
1456.78
1671.49
3537.33
2531.14
1404.76
2814.41
265.10
1881.50
1730.63
3286.63
5233.44
1855.97
4703.75
1703.91
3493.28
1660.25
5883.34
714.23
5805.84
1353.55
5065.89
2521.27
7807.80
2409.19
8188.31
1206.74
3748.29
1132.05
3090.48
1683.30
90.98
1264.35
346.21
1111.85
267.56
1873.97
4205.57
1115.68
7292.75
1697.62
4985.69
4505.30
2999.35
1876.92
1535.91
2739.32
2919.61
6192.74
1084.51
2437.73
6076.41
1473.68
9457.66
2054.48
15.67
1187.50
1060.86
1574.96
9037.47
2586.99
8807.12
727.73
8102.57
1096.28
3023.24
8293.81
1863.33
6921.36
394.42
2672.24
2875.20
9663.62
4193.90
3763.91
8433.95
9824.52
7631.97
1225.32
3215.69
3987.43
4939.44
1102.11
5061.13
6974.32
3592.31
3165.32
1590.30
1425.27
4313.95
1944.22
4066.89
3200.10
2266.08
2999.62
1705.69
1483.43
7440.11
4903.00
1300.88
1122.83
2051.46
8420.21
1329.28
2413.36
5842.93
1081.02
293.22
1798.09
1065.38
1225.14
6602.62
1710.47
8204.59
2791.26
5063.19
2935.04
1659.75
6545.54
1945.08
2749.98
1078.66
1354.40
2714.19
5573.48
3125.80
8548.69
3662.94
1816.91
3227.15
273.92
7011.53
1918.68
4340.08
5880.07
1124.61
3982.17
1399.71
160.57
6093.72
5277.60
7301.18
2203.41
2514.72
28.27
622.76
221.29
308.66
4186.01
5818.90
3005.56
1602.67
2056.27
2179.56
2229.71
5686.84
2604.89
1986.61
2353.50
3386.42
2809.75
8903.94
4157.17
7924.30
7884.84
6892.23
2412.30
2052.88
1995.34
2389.97
2065.57
5555.87
1614.68
7330.67
2976.18
9702.91
7756.66
7727.61
2266.91
8350.48
1837.08
7374.65
2580.48
2720.65
1263.97
8426.90
3766.40
2477.60
2617.87
1467.55
1666.21
7042.11
8385.39
1796.42
8427.93
1086.45
1054.89
7436.73
7812.52
4213.68
5258.43
1948.65
1541.81
2603.57
8950.23
3188.99
3828.50
1307.92
2029.00
3880.25
233.73
1292.96
147.47
1689.80
2856.02
2747.33
8350.19
1318.61
267.53
1891.40
3827.66
2064.64
8644.20
302.26
7074.89
2148.91
8800.05
1801.50
7830.80
5328.64
1494.67
6816.06
1968.98
1672.78
1068.57
1184.81
2611.57
1839.44
1349.75
4604.50
139.90
9559.57
7714.72
1312.57
1195.08
2764.72
4546.89
2340.81
1330.85
4273.13
461.83
208.33
3923.40
2702.73
5410.22
1101.39
5478.36
960.92
9627.14
1429.60
3480.97
8464.95
7298.58
1862.14
830.29
7918.46
2271.70
1227.66
1725.89
9270.90
1439.97
2627.76
3096.69
7476.42
3069.66
1076.61
1520.18
1206.50
8358.71
7863.92
1606.00
2128.61
1797.41
1745.36
356.16
2398.00
4935.89
5738.08
1615.59
9429.98
3822.06
1711.11
5653.19
2353.89
5900.80
1111.84
4841.18
1458.70
2341.24
7588.12
1743.68
7236.36
4116.04
1646.03
1630.63
1162.26
1859.11
3340.12
1734.70
5329.33
5955.51
6815.83
8860.39
4078.38
1841.13
3899.62
2516.45
1851.59
423.09
1510.97
1695.09
1441.23
9173.06
2463.70
1621.54
686.73
5645.31
209.66
1612.19
6512.12
3662.57
3442.86
5021.70
4551.47
2559.77
1529.80
7031.04
2608.29
3570.61
2294.24
3631.66
1942.50
256.82
4372.89
1979.93
1700.90
398.08
9490.36
5456.39
1442.93
1398.12
1358.99
9965.14
2948.04
1595.86
5624.09
4178.25
2740.09
167.86
1918.95
1609.67
1100.45
707.10
1529.44
1841.91
264.49
1783.67
1621.02
7790.13
1573.22
8369.62
1723.93
2021.77
6662.51
7479.77
2184.09
1289.75
5257.42
9338.01
292.71
5132.17
2646.75
4427.97
1038.56
1966.26
3310.26
8406.77
3458.98
430.94
1233.94
2892.03
413.55
1585.24
7600.47
1123.07
2641.26
1629.59
7547.99
1409.73
1262.30
1162.24
1643.24
3607.86
6724.82
4663.87
179.35
3341.37
1885.73
3304.51
8873.11
5869.30
1619.84
1452.49
3171.14
1756.36
2964.02
7896.61
361.74
1607.34
1774.81
7668.87
2387.09
1303.50
3103.41
1013.58
3991.31
7327.96
4302.85
6319.02
2386.87
4838.92
1578.02
6722.95
1792.88
132.12
1220.11
2719.08
9565.48
3505.12
2093.04
2282.57
4861.63
4262.07
1001.61
781.42
8511.93
1776.58
1579.64
2855.01
1406.88
7873.24
3971.50
2807.04
2094.80
2884.19
2529.91
8105.82
1077.58
4383.61
2348.86
2047.69
2236.57
106.54
7633.31
1243.56
2530.48
4663.41
1999.69
6346.15
6305.95
588.90
1571.34
1387.30
6097.46
1188.79
4987.63
1952.56
1357.85
1429.61
3380.84
8068.73
2726.14
6745.86
9975.16
1685.10
2532.53
3132.71
1779.23
7088.28
2013.32
2403.74
2984.05
9119.13
5899.34
3071.29
7251.59
6068.94
1863.61
2169.35
5998.72
4104.70
1763.73
5837.30
1381.37
2027.24
1057.99
2656.73
1757.43
7450.92
7147.41
3192.22
3375.64
1366.37
625.75
9248.98
3000.36
7875.99
4869.90
2530.54
184.46
1805.95
1155.52
1136.01
6560.05
9999.82
1326.53
2320.53
3396.22
4109.66
148.58
2970.66
7879.16
2625.83
4023.28
267.08
1559.04
2845.73
7758.18
7358.69
285.22
3632.80
9035.61
2650.92
2301.19
9885.52
3669.12
1224.62
1350.02
1895.85
1379.26
2051.78
1452.38
1824.20
1076.37
2052.32
3525.10
1679.95
1461.36
1147.64
4297.03
3498.40
1208.78
1406.83
2147.07
4415.99
226.78
8489.12
2075.11
1453.74
1418.91
1538.76
2934.44
9017.12
7558.71
1234.56
1948.00
1549.51
2513.87
3327.74
2942.75
1439.74
2192.99
2929.29
1823.84
1481.19
6583.29
3832.32
1635.62
9600.03
1066.53
6209.21
1797.96
4345.74
8039.19
3654.61
876.32
7618.33
7843.78
2945.44
4965.87
8119.89
7053.68
2509.65
9451.92
7274.25
5591.96
8278.25
2990.08
1951.03
1118.89
1652.53
8681.29
3424.42
5664.86
2500.81
6764.79
774.33
7853.14
1959.66
7289.88
2649.20
2951.71
2155.89
6274.12
1152.90
2165.48
3466.27
1420.97
4235.83
6719.99
9451.36
8038.57
8931.32
6267.78
1712.80
1986.21
6258.77
3820.98
1250.51
1532.97
1964.98
7249.94
6790.40
3725.34
2704.19
1364.36
3694.07
6214.31
1333.49
1839.78
1041.32
3637.72
1319.36
2896.95
1985.81
2692.06
4743.82
4244.38
2375.95
2251.72
1582.32
2086.22
8236.00
7198.46
8023.98
4938.05
1331.86
2235.35
3058.97
7766.91
6217.68
1131.23
2153.57
4284.24
186.34
183.16
1966.24
5257.94
1719.83
6551.81
1282.52
1138.86
179.21
1193.90
5924.98
1496.58
5885.63
1235.90
7813.49
1155.63
1389.30
3118.72
537.67
167.60
1481.63
2673.34
4813.60
2703.25
1976.70
1091.98
1.22
7358.78
9690.92
5195.47
1333.45
3270.42
1339.32
3244.46
4365.63
1749.39
1585.28
3479.45
6098.80
4172.11
4663.06
2501.17
1777.06
3396.77
7423.85
3499.23
1742.79
1207.58
5718.02
8476.69
4461.56
3490.40
6553.30
2815.73
4960.25
1743.37
5283.77
7252.60
1474.77
2189.59
6828.27
7238.63
1918.07
1461.17
3683.27
7596.13
9601.43
4047.37
2494.48
2091.68
6128.19
297.61
3235.76
584.62
3625.14
4608.30
1150.52
187.77
2860.54
5713.91
1828.66
116.23
2549.77
2876.91
1753.42
2265.45
7653.74
424.48
2180.59
1256.52
6629.05
1159.93
1718.85
778.98
330.98
7368.98
264.05
4105.55
2249.49
1964.68
5263.45
1691.70
1629.71
5409.73
1807.88
3169.60
6558.17
1765.52
7188.33
5815.31
3584.70
5805.55
1350.16
2174.44
2448.39
2916.09
1993.67
1466.27
3672.36
2927.54
1132.54
2070.26
9438.21
5115.74
4092.41
1542.47
2088.79
1362.25
5648.48
2129.46
8463.54
2404.01
1059.36
1361.79
1846.99
3903.43
5778.47
1204.73
3941.71
1083.24
7867.98
3562.51
6250.62
175.05
1741.50
4897.67
3187.14
3823.46
6032.45
9122.83
1463.59
4739.12
8438.18
2221.28
2909.07
4674.59
1605.43
7353.85
3038.58
1117.05
276.83
8219.75
2299.26
3811.02
4560.23
1870.59
7912.71
1528.14
2963.66
6494.22
1256.51
6857.62
8130.13
9708.35
237.81
2046.58
1978.30
5343.49
3080.20
1666.01
3442.73
2261.13
1935.79
2784.88
1203.85
8109.84
1461.44
1915.08
1941.12
1621.32
158.32
2765.86
83.58
6788.96
7926.31
1795.25
2282.34
5743.80
156.43
1128.39
3451.44
7499.50
287.84
6482.81
1098.33
5906.76
2637.81
7422.43
1268.80
863.62
1375.91
1817.35
1448.47
190.79
3678.25
1705.97
3163.04
2532.20
1367.44
1559.48
6721.71
1006.25
1253.86
6855.62
3180.49
2050.05
1053.05
3320.92
3666.44
293.96
6630.27
2735.46
7247.59
2932.57
1338.33
839.81
884.57
9632.97
3533.11
2431.76
7262.60
1193.16
211.94
6058.51
1861.90
1290.41
3957.65
2082.56
6724.86
8585.07
5329.57
1594.71
1417.16
1905.10
1915.26
1587.67
3332.56
1695.46
185.75
1892.47
3863.19
1375.55
7077.10
1344.96
488.28
6817.75
306.81
3617.87
1230.47
4833.23
1971.86
4405.73
904.63
1211.18
4739.33
372.52
3532.65
1105.00
7908.74
5994.06
9213.91
9463.75
270.31
8645.12
2435.75
1963.50
2786.47
5615.30
1906.19
7659.07
7733.12
12.71
1238.43
9581.42
974.21
6079.94
9265.96
5381.97
7442.31
2529.89
4809.74
2195.03
1593.86
1806.37
1952.32
1702.88
9709.73
1277.69
793.79
713.39
1040.39
1499.96
4386.82
3486.13
119.16
3821.49
1395.93
8766.66
2646.51
8172.49
1635.31
1678.25
1539.11
6307.06
1637.06
1496.77
1175.83
4130.81
244.72
6219.58
1379.15
3059.56
5140.80
2590.84
5316.62
2742.08
1284.01
3333.97
6945.64
8716.60
7011.00
3101.23
7361.62
2553.19
7733.63
2420.53
3235.18
1024.83
2976.81
3949.16
4567.33
2892.34
3117.82
3228.91
6518.37
7923.71
3332.06
4610.33
24.36
7794.98
2711.27
2661.19
1048.68
3485.08
1088.96
411.12
1849.79
8356.67
3032.44
1069.60
1076.69
1415.05
6839.70
1481.81
1159.88
9419.30
4294.73
1810.90
1230.99
1634.92
2814.27
3522.23
4825.76
2719.32
9325.48
153.84
5617.94
5544.35
5940.50
4678.77
2009.63
1361.84
7718.33
4564.49
1350.31
3588.13
7438.87
2218.28
1315.15
12.68
5715.21
4463.41
2811.37
1179.66
8964.94
3562.74
1185.52
4797.16
440.39
217.12
1735.42
1349.61
3915.02
1620.77
347.17
1372.61
7788.58
1890.16
1640.60
6572.15
2643.17
5015.47
7607.76
4448.70
8833.79
7300.74
7395.17
6845.26
1463.25
5765.38
4522.07
5484.69
2406.68
1420.95
2748.76
3992.57
7389.47
9004.59
1821.68
2071.04
4221.96
8646.88
7487.61
6737.07
4901.60
173.23
1510.21
2226.75
1499.06
6264.76
6728.63
2144.82
216.08
1903.43
2722.22
4843.81
3621.54
7868.90
3183.97
5292.22
51.13
84.70
5998.15
1433.51
1866.75
4418.28
3190.01
293.47
2186.86
3571.04
2821.84
3653.33
1803.59
1600.73
5686.69
2646.16
7245.29
1081.62
9240.37
6738.17
4116.00
1862.49
2125.52
4305.57
1716.39
6890.92
2551.13
2133.58
6387.63
2140.51
1800.91
5394.94
6675.51
3306.42
2956.80
1200.24
8936.76
198.76
2664.18
3674.21
3379.48
59.60
1722.88
7266.26
1433.75
2484.42
8183.19
8014.70
1625.39
290.89
2138.90
6882.04
8802.97
1156.10
6571.38
8918.32
2753.98
3652.62
3274.23
3041.87
97.27
3919.74
254.44
1106.45
541.71
2729.36
1385.15
3239.95
2006.41
6016.46
1523.21
1679.48
1579.02
1729.36
1835.26
129.41
6322.72
9749.55
3264.66
1250.85
1250.83
3316.00
2256.59
3430.74
1284.31
2206.66
3485.49
1013.65
1963.93
8015.57
4020.15
2835.17
3814.52
1849.01
3097.33
1828.96
5991.46
6385.10
4255.38
1178.74
6311.16
7000.94
4730.51
9851.85
5253.34
4684.94
127.38
3328.28
2248.07
1886.07
7667.30
1721.20
6706.53
2734.01
1050.10
1828.27
6939.82
6057.96
1028.11
1490.54
932.95
1787.59
1770.67
4616.46
7041.42
566.69
6239.92
1564.60
1368.09
6092.43
3298.89
1082.35
1322.39
2430.03
2009.30
1966.40
159.15
3712.45
1195.15
4471.87
1159.46
6085.18
8591.08
1882.30
7687.60
3643.13
2889.25
2911.61
6980.93
1247.80
7025.81
3604.99
9787.04
6315.16
7335.51
391.23
681.56
452.34
1480.84
1176.76
8742.16
1457.60
4238.87
1342.98
3605.27
2171.62
3320.60
104.18
3035.60
5097.90
1839.46
1599.15
8794.16
5475.89
298.19
9692.52
2712.40
1695.33
5015.27
2187.82
5609.62
1424.99
3649.84
708.06
1235.20
2608.25
3169.87
3553.34
8291.60
1767.48
4632.85
7216.01
3674.32
7845.71
7158.96
3045.63
2771.16
2153.09
5710.95
1069.78
1167.41
1863.87
1268.02
6922.68
1687.36
1772.95
3358.89
8170.01
1499.37
2499.77
3630.75
4537.34
5838.99
161.69
1278.21
3923.94
3276.71
4191.80
5329.85
7963.80
102.05
2350.26
4661.81
3210.78
3456.88
5761.54
5981.86
2276.01
2435.71
4695.41
2982.32
3708.66
1674.27
1714.79
3816.91
1567.98
3694.88
3504.03
5318.14
1163.96
5487.57
1210.56
716.90
9954.54
8033.60
1501.95
7980.20
2653.99
3356.21
4035.62
1622.41
1105.46
7292.72
7134.28
7649.94
1326.25
3092.40
1173.86
202.44
1463.38
1992.62
1698.70
525.94
1963.78
1962.23
7661.52
6063.20
7983.43
2040.72
1750.70
2065.93
1889.68
3885.99
1121.92
1802.38
3400.70
1544.06
2250.91
1345.89
5770.86
3014.04
4547.03
8012.43
1666.72
2051.51
6333.24
6465.50
4342.12
5223.63
8629.51
581.37
263.99
3413.14
1713.90
5520.35
3252.26
8525.31
7991.33
6154.99
9434.86
1874.25
1693.82
710.61
5105.13
2133.89
2474.50
1162.04
7506.21
4516.82
8411.40
4645.16
6574.78
6334.07
5888.73
9402.87
5449.01
8444.17
8337.32
282.51
2921.25
4636.57
1332.23
124.38
5548.46
2320.01
1960.81
1965.33
307.76
9152.37
1308.06
2553.75
1031.13
746.84
2343.40
1661.13
8588.64
8557.95
6786.06
4279.65
8732.38
617.59
2525.51
7832.20
2368.08
7965.90
2317.38
6134.55
3526.31
8909.37
2025.98
558.63
1045.33
8654.47
683.35
4949.27
1577.47
2217.52
9382.99
14.16
1354.82
2010.58
2237.49
1774.32
2618.76
7677.99
1375.75
1421.24
3475.60
3615.58
3110.14
3645.72
3571.91
2781.79
2862.75
1472.35
2142.46
2205.35
9150.96
471.94
1523.81
2929.43
1455.69
7677.98
8891.29
3861.64
9320.76
8826.54
1610.55
4330.32
5593.09
1593.09
2572.95
1215.14
3487.66
7351.89
8203.73
3847.35
2138.23
3834.52
4782.10
340.71
1141.84
2645.81
7787.78
395.21
3248.76
8786.23
6353.97
4422.42
8460.15
1683.80
3881.88
3925.30
1842.76
1696.03
19.35
1678.77
6471.44
1626.70
1337.99
2161.91
9327.00
1274.99
3790.18
448.69
6021.29
2233.82
7547.45
1637.75
5897.98
2132.07
4199.69
4534.29
6497.21
2803.73
2531.58
683.48
1677.18
1126.90
2135.56
4641.72
1186.02
4602.43
2602.57
4712.93
5032.29
388.02
3765.82
3709.37
6665.34
7885.38
4123.37
5122.34
6570.76
456.51
1585.01
9736.67
1767.55
1950.18
173.37
127.19
6255.59
1801.19
4679.47
7891.29
2621.01
9230.38
2332.51
8446.84
5708.12
1686.84
3874.45
7788.83
3062.35
1899.15
6141.29
6404.95
4020.02
2138.46
1024.91
866.90
6221.82
2082.84
1527.63
6271.84
3919.83
2995.49
567.24
2215.97
7808.45
5971.11
9823.80
2826.90
1123.96
1050.15
3198.72
1879.24
2174.48
8960.52
1491.56
3713.70
7731.73
1346.16
8376.60
1278.11
1035.30
129.81
1556.39
9894.25
5143.98
8812.22
3257.39
8824.16
982.02
445.74
6245.70
7898.04
3676.10
4636.43
1641.52
3399.43
3103.41
3334.28
1816.24
3793.41
7285.55
3555.82
5339.14
8555.84
1435.56
569.52
5878.94
1251.75
1319.18
6386.09
2739.44
1128.34
5642.98
2020.06
1926.22
1886.73
3489.61
294.57
3422.81
1247.92
993.46
151.96
2593.63
4643.13
6089.83
8267.56
7374.68
8759.48
4010.21
1239.38
632.21
8703.91
2658.17
1030.75
2129.87
9327.47
727.87
3768.82
5623.50
365.26
347.20
1974.31
1257.03
2711.78
5255.24
2200.11
1517.06
2268.09
1603.25
1224.46
2202.78
8629.34
4831.95
7462.87
2709.77
2956.29
2253.67
5809.64
4004.15
2941.55
3789.45
7870.76
164.08
4057.93
1123.44
1966.39
4946.91
1159.76
6793.17
73.17
1581.37
9599.98
3612.69
3403.41
1334.96
4272.69
7244.27
1836.71
3750.30
1126.09
3647.43
6730.88
2828.31
825.92
1036.47
1562.32
2463.26
3378.97
114.05
1966.47
3358.80
1085.65
3697.28
1604.50
3998.71
5711.43
4401.26
1236.05
6142.33
1943.74
1147.64
3406.54
3999.55
2176.22
8364.33
6111.78
7579.16
1927.89
5961.28
2782.08
1782.46
1927.75
6757.74
2641.19
4905.12
1707.04
1660.17
4332.11
2547.80
5964.24
6518.47
5423.30
1427.90
7617.99
1674.03
6078.66
1918.45
1609.68
1716.92
3866.89
1168.00
9286.41
6267.62
2406.06
5799.98
1376.90
3324.57
1121.50
6615.78
5979.73
1218.15
8382.84
1358.29
6501.06
4657.57
6940.32
2522.27
1418.03
1799.04
1607.72
199.38
2344.38
3041.94
5998.87
2177.02
7235.64
3091.94
1751.62
5856.25
1723.74
2482.27
9649.20
1996.59
2579.00
3183.65
1245.36
2881.26
2898.71
1299.61
1958.77
3080.72
1391.61
696.25
7346.66
2639.29
125.33
7851.65
1801.23
7168.53
105.51
4217.14
2543.23
4010.62
1111.37
1426.48
9513.85
3205.33
6840.16
2148.53
36.90
7943.25
1441.76
5906.33
9504.28
7809.85
2830.11
2384.87
446.51
7278.83
1981.12
8114.08
6324.48
5830.93
7420.34
5468.00
2295.25
137.94
1654.68
540.69
105.29
1682.75
4703.80
2159.01
7760.71
1450.78
1058.45
4721.47
3750.81
1297.21
805.80
2629.71
773.75
2208.04
4252.59
8519.12
5899.44
3240.14
7518.59
9376.08
4736.74
9311.12
4646.69
4514.60
1827.00
1715.73
2143.48
14.57
5601.76
1186.27
3287.03
5553.77
4599.24
1511.15
6894.88
582.30
5234.35
4079.44
3716.07
6935.35
6772.44
1439.01
5300.04
1660.98
2447.65
4104.78
4812.91
1073.29
1397.55
4295.07
9172.62
6240.58
1128.78
126.36
2171.72
8909.89
1397.07
1147.99
7291.18
3689.33
7322.73
1653.40
197.56
1325.11
1956.35
1573.55
3867.93
9933.13
355.16
2044.95
2418.94
6486.10
1447.69
5640.93
7111.45
5249.99
981.22
2451.64
2308.13
9575.00
276.60
8959.18
5620.49
8144.03
4575.24
1356.75
6509.76
1925.78
6447.10
831.54
5424.57
3611.70
1364.61
1762.36
1135.80
1590.01
2143.82
7450.50
4797.10
7666.39
5198.27
321.56
5929.74
1774.62
1550.09
2302.17
5575.52
45.04
1591.82
3782.11
3397.89
1482.17
4059.93
1015.77
1695.56
2069.62
7247.20
1754.30
7848.77
2169.60
8668.50
1075.12
5704.26
437.51
8504.70
6771.76
3091.22
7612.19
9455.64
8854.17
4319.23
4631.61
3101.78
5905.88
4381.98
9284.12
1644.91
7502.34
1132.45
2406.20
4752.04
2255.43
716.87
1631.80
12.04
7860.93
7595.19
3177.75
3945.76
6139.53
20.47
3965.92
5039.39
379.86
3669.21
226.66
5055.55
5753.18
6069.60
6309.56
1985.87
1300.41
1747.18
890.83
5957.34
1260.63
1825.73
7102.76
1142.08
7089.14
1809.93
7492.11
3157.77
5481.31
1267.93
8934.88
100.39
7879.95
5204.19
1619.17
3125.97
8851.08
5430.84
6086.73
1666.65
1470.05
7014.96
6181.55
2041.34
184.21
141.88
2362.63
1019.55
6398.65
6004.95
1367.21
2642.11
2243.58
3816.59
5732.08
6090.58
8433.15
2639.99
1372.34
170.67
3250.07
655.04
6594.78
175.26
2053.13
5368.94
189.09
7840.16
3829.48
1999.30
3247.95
4256.02
3595.78
176.51
1986.06
3582.68
5920.48
2744.10
3686.44
3099.99
2112.38
2233.94
1526.40
290.41
1879.48
7197.18
7188.45
1049.78
1440.69
4224.61
1642.47
3746.74
1976.93
8017.31
4336.00
961.06
9803.03
8870.50
595.18
5204.27
70.89
1345.73
1217.14
2110.76
815.99
4182.43
1934.32
8781.07
3874.75
1255.13
1562.43
6579.08
1292.66
1992.08
5715.73
7534.12
1025.28
7536.78
4404.55
2664.43
3837.15
4997.65
5833.11
6554.41
2462.97
8781.17
2237.65
4620.63
1232.34
2134.77
4782.89
1717.80
58.59
9320.12
4945.07
961.25
7232.85
187.19
3810.88
6307.23
1335.69
1441.15
3076.11
6654.20
1108.77
4073.59
1082.57
2252.56
1854.79
2086.92
3623.94
8890.33
5345.01
5282.08
1174.18
8784.41
3817.21
7295.33
7246.92
7028.04
1096.09
1326.62
8620.14
5916.25
2098.64
1018.11
4111.96
7093.51
7950.54
2965.67
695.02
1427.70
7474.46
1908.37
7072.56
1128.46
2315.56
919.99
1818.87
234.97
2791.82
4852.99
1647.28
9583.72
1140.45
7174.10
1939.09
7632.95
3213.18
5206.16
3892.84
1011.11
1695.12
7012.77
5026.20
7269.34
4192.30
1130.23
1409.40
2745.60
617.62
6750.07
3500.69
5744.79
959.60
2558.35
3974.14
2106.02
6153.13
917.60
1385.02
4866.14
2734.69
284.49
4852.62
2642.00
264.29
4099.86
6377.30
1040.00
3562.72
3306.06
7530.53
4162.11
6208.73
1462.78
7829.80
1406.99
3394.19
585.05
1016.24
1587.99
799.33
7899.66
2561.61
1462.15
1081.04
1784.47
1408.46
3949.58
1288.88
8025.00
3649.71
2435.81
2173.28
4817.67
8726.76
2771.34
168.71
1284.73
6485.78
7219.99
5503.09
8679.80
1273.96
2876.34
3686.78
7295.94
5825.79
4512.98
822.36
8469.46
1952.86
3691.78
6574.65
3257.63
9075.46
2214.62
1573.78
8657.41
1885.45
10.94
2265.65
6694.52
6941.24
3218.12
3250.45
5368.89
1820.85
3542.76
2638.83
6048.89
1165.71
1069.93
3638.23
238.45
140.47
7346.94
1112.95
1897.35
5444.26
4043.50
2719.58
2858.98
120.11
7239.01
7547.81
1162.80
2257.69
1849.46
3542.27
8504.72
783.53
3667.66
3609.21
1159.49
9631.58
2554.07
6800.65
6592.11
8085.10
2278.43
1653.89
7334.26
8908.36
7959.00
1390.02
1781.05
1627.00
2075.86
4457.73
7189.74
7399.89
4364.64
3830.34
1072.92
8058.77
4904.80
416.70
2192.90
4760.07
3481.60
1517.59
3169.95
6500.39
829.84
1633.21
7400.48
506.32
1993.99
3732.41
3746.19
104.62
4158.19
3244.63
1388.38
1751.23
1593.58
2288.06
643.79
7884.17
2.83
2440.89
2952.83
1275.52
3653.19
4583.66
1796.74
1815.77
1902.89
1542.89
778.95
1872.05
9885.91
102.05
8225.30
3271.77
963.65
3203.80
434.19
9591.97
1755.24
1219.73
3054.78
1353.00
1522.49
1198.68
1926.64
6529.91
7651.64
1974.52
1418.01
6968.33
3717.81
1307.96
7690.01
1526.53
36.93
3057.38
163.20
1447.95
4709.20
269.52
7432.14
1144.49
1964.15
4620.98
1016.95
1926.97
1333.13
4024.65
1742.43
182.41
6453.63
4985.80
8600.81
9361.56
840.45
1868.87
3025.26
1017.90
1671.93
2478.67
1165.45
3126.45
5640.49
1808.54
1899.82
8501.51
602.04
9777.84
4044.89
5117.59
4364.39
465.49
25.64
2549.83
9486.99
1460.87
7600.63
161.50
3192.71
1647.82
317.26
226.66
5099.03
1723.61
1787.28
2116.67
1359.69
3160.12
6127.38
1007.39
2724.47
1853.36
1315.16
6194.42
772.25
5284.81
3504.99
5515.81
2423.51
5525.94
3546.19
2926.82
4083.19
3994.08
183.27
1798.95
1227.82
1577.71
9649.08
6462.48
633.68
1343.56
3505.99
7348.75
3706.06
2899.70
1321.33
8826.64
7613.85
6600.73
2224.55
1804.98
8936.39
6964.77
8711.85
1386.85
625.88
2083.22
4137.17
5879.08
7680.64
1727.97
2421.86
137.04
2853.60
2367.30
1504.19
290.81
3588.21
9880.40
102.75
5698.14
2036.17
324.70
2793.70
1525.64
7608.78
704.10
1649.60
2083.22
3052.27
3992.34
1087.80
3357.03
197.97
7910.84
7686.96
7078.35
2511.47
5796.61
265.91
185.15
409.16
8521.46
1819.42
1145.13
1118.65
1441.21
7029.65
1798.34
1506.63
179.17
8963.39
7434.71
8859.53
3462.54
9733.84
1996.40
3645.48
4547.03
4887.66
5237.04
680.16
5126.89
5444.11
3459.21
4100.84
1091.58
1866.07
6450.15
9573.58
1341.41
9437.25
1914.32
167.48
240.15
1400.86
4554.15
1749.26
6562.21
2540.30
1753.46
1164.43
5348.73
6036.17
2938.85
3164.77
1707.34
162.46
3329.04
7590.34
123.36
4533.65
4005.61
7753.83
1596.58
2179.28
1173.13
5055.66
7557.83
8934.90
5927.30
3690.57
1032.19
4587.37
8895.61
7775.45
2190.87
6518.66
6239.66
7526.03
5056.39
1282.39
1121.63
3796.67
1186.48
4554.26
1252.93
4589.47
1800.91
8074.78
2699.76
2525.22
6236.49
2322.66
4942.31
3221.98
1470.56
4211.61
9355.02
2601.06
7421.02
1110.07
1059.27
1714.37
2665.10
7616.60
3185.56
4336.58
1641.34
8641.06
6428.29
1404.52
6015.36
3349.36
194.73
3837.23
1980.50
1118.39
1301.61
1986.29
8821.40
1922.54
4458.61
6282.19
5113.25
1957.09
499.26
1317.84
1004.06
5469.44
2918.09
4771.28
351.77
548.41
3134.58
1734.34
6464.91
7418.05
7886.73
2523.15
4997.29
3661.06
7166.20
1715.76
1364.92
1199.45
3867.34
7001.80
3966.93
1805.00
1519.39
1092.09
1276.77
1698.37
4518.41
1245.87
3596.77
4595.33
1970.03
8279.03
5032.72
3506.16
2580.46
1464.96
1750.01
2220.68
1633.54
7304.31
7705.45
1258.35
9445.61
2967.51
5198.34
9344.69
2996.59
2887.26
4570.67
1365.50
6546.56
14.91
1011.36
7284.38
1833.04
1664.42
1640.27
2359.11
6338.91
6282.50
8516.58
3039.37
5341.33
7607.40
9227.70
1670.17
8121.77
2820.38
3083.57
4599.60
2823.81
1814.12
4239.61
4697.27
865.59
5498.33
3243.60
2649.74
9090.52
2772.15
9163.77
1046.37
1816.48
3032.39
5011.64
7162.99
8770.82
6427.58
6297.50
1201.44
1138.35
1147.62
6458.76
1246.52
1270.93
100.48
1318.49
1595.46
1261.06
1711.93
3430.38
1316.59
4748.60
4803.94
1819.08
1212.99
1814.99
2056.25
6211.26
2697.40
1886.50
1535.63
6629.55
5717.16
6894.94
1282.73
8709.63
6534.18
1581.46
3068.12
6644.59
1173.49
1930.56
4973.46
1558.14
20.94
3762.67
2791.01
8865.66
3088.32
2973.79
4040.72
1440.91
1124.23
358.72
7322.35
2506.44
1966.70
1737.01
1420.46
1730.32
4805.37
2589.21
7301.47
3542.76
1948.22
7778.00
4239.63
6961.17
2119.41
1150.99
4124.66
7638.97
5311.68
8234.75
8911.09
1073.67
9333.11
2675.34
3083.62
1340.61
3703.27
7387.83
1098.36
3020.19
4794.20
4438.73
1495.16
3253.69
8498.84
1200.18
10.46
1316.09
1414.56
2229.09
10000.65
6664.99
2436.66
2115.35
2292.33
4772.74
627.03
1635.72
7142.80
9188.66
1281.44
2462.46
6010.24
35.18
2527.94
1184.09
7430.08
264.47
3324.15
5730.36
4133.81
2326.64
7384.54
2186.38
2080.70
6646.57
2042.93
7030.93
5183.59
1088.65
26.73
5536.54
1200.33
534.95
3748.33
2476.67
7974.13
9248.01
159.89
2367.61
1205.10
3947.47
8660.63
3957.27
2712.54
3242.92
4093.74
184.16
6788.84
3810.13
301.22
6215.47
2670.40
161.75
9954.69
1086.04
1834.52
2906.81
1330.50
1854.16
8092.37
1426.75
334.29
1685.22
9928.20
2068.94
3245.59
1552.19
4423.17
4713.19
5230.74
4578.84
620.47
794.64
3542.29
4537.51
2974.68
722.83
2479.61
6179.58
1016.81
1602.35
1933.46
1142.51
309.93
798.50
334.97
7043.73
2027.56
2007.33
5664.30
1079.79
8923.36
1478.78
1916.40
2976.15
125.00
9671.65
3825.66
510.38
2619.70
4426.29
3890.15
100.12
7792.43
2502.13
7058.50
3656.91
2973.99
4442.03
7159.88
7135.10
4078.66
1271.46
5476.21
1468.10
4283.70
2831.40
1552.77
3757.54
1344.50
1771.28
3267.57
2416.59
3737.16
9549.32
264.84
8919.00
4117.09
212.79
1746.67
2221.04
8562.30
1793.45
4712.09
8833.18
1690.01
566.63
1044.58
4521.01
4607.80
8880.30
1410.69
9210.06
1708.09
2795.56
1162.97
1390.02
8464.02
1045.15
5435.67
5694.20
1623.45
8283.23
2793.13
235.82
2155.03
3930.82
6378.79
7783.30
7767.91
8410.38
2687.87
7702.32
3360.87
1260.37
6904.27
1916.52
2155.86
3843.54
1259.78
7777.66
8181.91
2310.19
1600.36
2455.34
1317.41
3054.63
5430.34
7361.51
3915.75
8873.92
6656.74
480.95
8317.12
1033.74
1215.81
86.47
1012.45
1787.41
4.50
2602.20
1148.71
2497.66
9901.90
6512.24
2691.61
1858.46
5798.54
7094.89
5306.67
1721.11
1872.31
8962.72
3988.89
2709.85
1739.02
1240.76
6766.83
1681.44
3816.60
1559.48
696.05
1315.14
4182.21
1393.63
2961.34
6421.05
176.73
13.58
2472.48
1542.91
5578.18
1889.30
1007.25
1418.93
1876.88
6786.57
6661.32
1379.22
1385.30
5075.00
1735.16
8276.39
6147.75
4399.31
2544.68
1188.33
7415.24
3213.71
6741.85
1973.51
1624.58
2138.80
1598.90
1091.72
1429.98
1286.29
4165.91
204.34
3785.55
2088.57
1593.27
2378.01
2388.08
3197.27
1077.54
2904.34
1684.02
2728.45
2947.38
1759.05
6076.27
4213.43
9792.77
1474.85
932.48
1518.03
3184.76
4549.74
3260.58
2660.88
6766.43
1996.76
9595.48
1632.43
2327.83
2356.15
1448.06
4294.18
123.30
7215.19
166.52
2540.12
1670.32
3836.61
8233.21
5096.08
1889.90
1214.58
1535.87
7465.58
534.78
4065.67
1995.47
2256.18
6528.22
3914.94
1855.06
1465.27
7847.02
3662.76
6778.72
5849.51
1410.52
1306.42
561.26
8671.16
1578.86
2077.18
1450.16
9101.88
2393.46
3556.92
2806.35
4504.04
1442.57
111.07
5450.88
4086.14
6252.89
8498.90
7593.04
3622.65
1312.62
5398.80
7273.13
1195.41
2645.25
2114.31
1379.08
8852.80
1265.53
107.86
6428.66
1550.37
6910.55
1832.12
9487.70
3940.31
2799.81
4467.87
1163.05
4925.25
1963.14
2732.57
4119.97
4029.03
1839.09
3412.88
3410.26
3097.41
1304.10
7542.28
6013.70
7918.81
4003.91
5691.64
2394.30
937.55
1919.30
782.73
747.46
1835.90
5221.61
2996.56
3788.22
1799.71
109.25
9900.86
4768.51
2744.78
1306.76
6482.38
7409.09
1866.48
1407.14
1963.29
1804.57
9476.86
1819.30
1886.53
3235.05
3032.24
2036.19
8836.92
1199.60
2485.51
9902.62
1914.69
1994.27
569.02
7363.05
3879.09
7076.12
739.44
3602.54
7320.34
1336.61
7688.01
3596.26
1309.74
786.01
8579.14
7073.33
3769.91
3393.08
3391.36
1961.42
1925.63
2573.81
1030.96
8231.73
9314.99
7417.74
1497.45
1764.46
6655.86
2598.46
1807.79
3486.41
1884.66
3431.55
5107.99
1367.27
205.58
1377.17
2812.04
8451.57
2102.51
1515.36
2003.07
231.62
3470.27
1548.14
2293.89
2618.97
4991.09
520.35
5671.77
1843.32
1627.20
4971.67
1258.72
7488.13
7581.61
3162.93
1741.13
5405.10
3386.56
2283.30
1589.33
1298.10
5216.68
4793.89
3126.40
4471.12
2418.43
175.76
3851.38
1043.67
145.46
3711.44
3386.86
8745.92
3822.53
4304.33
6466.29
3386.13
1345.31
4812.64
1197.03
1060.02
1462.36
1241.98
1660.07
2245.22
8737.93
1232.33
1549.07
8416.69
1554.85
9422.19
2394.75
1015.16
1269.73
9334.26
4328.88
1292.07
7748.46
2175.34
6344.73
2737.60
1629.81
3603.08
6614.11
3801.16
7260.39
1844.32
152.09
4761.10
7638.54
9534.82
1124.25
2765.11
8522.72
351.59
3070.98
398.11
1240.88
5420.93
2978.15
1412.15
8560.89
7021.60
2224.46
1069.74
2397.12
6896.82
5519.02
1742.95
3500.29
5753.56
128.31
2887.18
2488.02
2359.16
1449.16
3721.37
350.28
1945.95
2187.69
9141.35
4888.43
5928.79
3976.43
2060.21
2419.37
136.15
6691.24
8030.64
3918.08
1027.71
6105.34
9746.33
2978.13
1669.47
5843.73
301.33
9096.65
2766.68
5022.83
3642.20
7979.65
1531.63
114.95
1917.08
3566.79
3162.82
1186.57
1097.98
5579.12
1004.45
1615.14
1097.52
7426.22
8573.55
4380.12
4725.38
9303.56
6777.43
2221.33
8444.19
5501.77
4904.75
1283.26
8871.23
4285.94
2620.98
3751.94
2345.70
1342.86
2703.41
4350.44
668.74
2324.98
8328.29
6619.32
7474.06
1022.79
9771.05
7220.43
1002.35
1496.34
487.67
1047.34
7966.02
270.04
4391.26
6013.37
1912.34
4792.67
1962.61
7077.83
31.99
2583.46
5301.29
1111.30
3820.91
2950.88
3103.40
1781.10
1618.64
7780.73
7748.61
1563.18
6325.94
3289.70
5666.04
274.63
5126.31
636.46
4154.82
526.83
30.39
5964.27
3011.67
6891.22
3385.13
4530.85
1113.50
8384.59
2171.23
1296.38
1102.51
1216.23
5080.64
1408.96
2972.62
4081.78
3790.84
5036.37
1110.76
7875.06
2759.37
2300.51
3029.96
31.68
551.25
4600.27
3837.19
1589.73
1130.00
148.92
3562.33
1339.13
3959.11
1126.29
1960.80
2313.33
1930.30
1566.83
1313.66
191.09
1837.93
2079.77
3739.65
1178.36
1449.90
4952.14
3255.31
123.45
5544.77
1931.26
8141.41
1904.97
19.93
1408.08
432.31
5576.03
6109.62
2972.34
112.80
5337.03
2237.05
136.69
2045.53
2004.46
4020.22
2036.50
1583.69
5160.88
5831.05
6008.97
4552.49
1094.73
1901.99
1591.24
1347.65
4432.92
7695.40
3139.30
719.55
4258.14
776.88
2586.19
9857.96
9200.07
3660.92
1631.25
6030.98
6189.54
2974.53
4810.23
5441.73
6166.99
2602.23
531.55
5910.61
4609.57
878.92
6466.20
3109.00
6937.65
3701.10
517.73
7327.36
7298.68
4020.93
2632.14
1480.34
1815.02
165.20
7169.73
2077.58
3875.94
7884.27
4024.88
1379.20
3714.03
6423.24
2801.42
1715.25
1424.06
1035.95
1816.59
3399.35
8793.66
7108.58
8839.79
3790.06
230.09
2945.21
7939.74
1263.58
9348.40
9768.58
2399.89
1922.37
1109.26
214.57
351.84
3519.23
1118.55
2154.44
336.22
2176.82
1883.77
4675.23
1903.57
1305.19
7563.70
3026.77
3154.46
5415.16
4215.18
7012.54
331.33
8028.78
2519.30
4518.82
4056.18
719.29
7889.09
4495.39
1767.13
7200.17
460.53
5747.05
376.63
8237.81
1890.48
9839.30
3383.56
6895.26
6955.09
181.07
9432.40
8016.83
2094.65
1564.08
1489.88
2595.73
1979.88
3143.32
4091.75
3193.78
1122.85
5394.28
2255.04
2645.16
1131.38
3453.36
2294.22
2994.35
4640.57
1979.25
2288.01
2434.71
4437.33
6177.25
7531.59
1850.11
4940.91
1759.50
1325.62
1368.41
9342.80
236.67
1055.64
1041.93
7077.82
140.76
411.30
1481.99
2546.08
1246.40
623.17
7357.63
7395.04
8989.00
6698.83
2891.93
5987.59
639.67
5286.97
3778.60
8765.35
1147.90
5979.99
2944.04
103.89
4249.84
3405.07
4882.23
1815.60
2562.65
1241.28
6792.85
5340.68
6255.34
741.64
4962.04
4906.35
2294.77
9657.05
1340.05
4704.23
1428.35
179.74
458.44
1194.26
1612.81
1012.58
2373.32
4358.31
3851.86
3627.64
1472.24
2494.95
2645.56
1352.31
1371.10
8634.75
5455.39
1223.25
7135.35
5477.83
2629.07
3470.62
417.84
4615.88
1217.43
5013.29
5830.43
2075.09
4349.13
2091.03
1658.92
1962.39
2044.02
6672.44
4043.24
9061.57
8496.64
6574.75
9398.46
6147.44
1050.95
2063.60
1363.67
8996.11
3978.75
6948.02
3764.19
3813.31
2129.53
2604.00
2857.69
1859.19
7934.05
1856.98
2913.81
8793.97
7732.50
2787.11
3622.75
6418.57
1341.63
7823.58
1512.15
3697.69
7600.54
671.75
7977.01
3610.83
61.73
1610.25
47.81
9178.25
8266.10
1163.91
2133.74
9667.04
1012.53
8845.59
7934.92
5307.16
1555.40
2067.32
2903.56
1149.79
2101.00
4149.67
1496.41
6823.76
1059.24
6274.19
2773.36
4149.66
2706.97
4910.44
385.89
7208.02
2818.41
2108.25
1381.03
2624.56
1284.21
3627.51
3512.60
6688.81
3709.91
1832.40
4523.13
5154.10
3630.40
22.36
6281.12
5188.47
2484.03
2149.66
6216.86
1636.25
1309.74
2830.25
1145.72
579.36
3642.73
8012.13
6831.56
4989.36
2960.39
1676.42
3950.81
2384.74
5696.31
1194.08
181.39
2418.49
456.88
9640.32
1839.44
5521.59
2802.38
2827.32
9505.34
4380.57
9502.55
2730.01
451.81
1510.10
7661.59
1724.90
7159.42
7097.00
9381.46
5684.47
3780.40
3937.04
6748.69
1997.41
7087.60
7576.46
193.85
6513.83
7794.94
3665.41
5621.54
465.28
3513.71
9006.08
4880.67
2149.85
104.71
4383.42
2231.31
2118.22
6446.87
1408.63
2355.62
6086.23
9962.59
1121.50
7018.02
7624.38
8145.89
8984.23
1264.15
1781.38
1081.24
2827.09
1603.83
4859.43
5629.74
36.79
1871.59
257.23
3145.56
3150.44
1993.44
1543.78
1527.09
1106.34
1758.95
1263.43
1463.72
2994.26
1379.24
1409.73
9009.81
224.96
6589.87
1343.56
7248.52
1007.73
1455.43
4337.81
1256.73
1623.83
65.24
2685.73
8583.20
1816.60
2790.16
1270.16
9926.87
6692.18
3062.20
2883.76
2839.36
1027.54
2637.06
1734.54
7586.14
7104.42
137.93
1194.46
3579.99
755.62
6464.52
2527.44
4353.51
6938.48
823.31
5478.45
2299.89
112.63
1007.66
3590.58
6519.04
123.02
1952.52
2966.46
7078.95
1336.69
1322.25
3035.75
6585.17
2058.36
9752.64
1023.86
1064.85
3584.91
492.48
4771.40
7962.15
458.13
194.77
2887.89
8975.96
412.34
1875.85
1365.10
172.05
1276.52
4426.34
1883.68
7470.87
7274.63
8364.28
6788.78
8225.72
2295.19
8622.49
1013.17
3403.26
1367.81
2381.96
2292.61
9161.15
4157.65
1035.39
2082.60
454.84
268.83
2643.88
4097.97
7737.99
1212.50
2079.47
637.86
7807.38
2452.08
255.30
5619.77
5170.58
1370.50
6302.52
4956.85
2259.80
3524.85
1820.41
1872.96
5719.29
3501.24
4405.33
3396.63
1387.58
1316.52
3932.74
1248.30
1332.84
1915.92
1919.83
2255.72
9482.60
2131.70
529.64
5755.00
1472.39
6402.20
2436.92
1822.88
2287.29
7260.86
2997.81
1660.74
1644.29
5915.62
7576.37
2702.46
9170.16
1660.01
3622.69
1558.80
6077.16
1025.88
2292.06
1687.61
173.32
2365.08
8862.48
862.46
3845.73
9092.45
994.26
8602.59
1309.81
3758.69
2611.55
1536.96
1648.31
2584.50
1246.45
3079.32
1698.45
3154.23
2466.94
8574.70
1135.05
1980.66
8886.16
1474.15
3629.45
162.23
1524.20
2848.84
9661.81
1914.93
362.51
293.85
3884.72
1131.99
1989.28
2683.66
9156.47
1464.26
9107.97
9654.89
6327.02
3159.83
232.09
7716.97
1679.32
1527.21
3110.37
1140.04
4463.71
194.83
1848.90
1864.61
735.66
8182.08
6748.66
1662.16
3337.68
3271.19
1487.64
8717.15
9568.19
2327.34
3101.04
9203.37
1449.27
1771.19
8109.52
6236.32
335.17
9855.40
353.43
1813.11
6130.99
1970.08
1249.22
8677.75
9342.79
2487.74
1795.67
2916.02
3250.24
1937.89
280.17
1027.90
1598.56
5625.38
6543.59
2051.06
1718.04
2296.32
1328.06
3252.28
9513.68
8220.56
3821.61
5928.57
4782.19
3000.14
331.16
1351.61
6798.88
156.30
376.86
1019.47
2612.15
3040.55
1357.03
1065.16
2467.02
3878.70
2892.88
3937.96
3806.05
1136.64
2163.07
1503.47
1891.67
1940.17
3221.88
7459.26
7653.21
4979.86
8497.80
2658.94
4963.84
40.04
993.78
1587.19
3172.91
115.72
2223.27
1245.34
799.35
3501.89
1299.90
1163.24
4077.29
3003.30
1912.11
1165.88
5877.13
3550.44
7684.75
3330.10
3064.82
5251.71
10.38
1754.78
3241.65
1033.19
154.62
2268.57
1133.03
4103.86
3254.13
1615.87
8259.40
1448.63
1288.47
4999.04
1730.00
9478.97
7789.04
12.21
7629.69
3211.04
6412.50
4662.96
1730.53
156.04
1004.34
4636.19
1809.02
4265.01
6868.28
5156.48
1137.94
4336.97
5848.86
8758.04
7573.28
2217.15
4027.05
1321.26
4040.39
1505.87
68.82
1793.63
6473.90
5341.73
1001.42
1065.92
3949.08
8299.13
2410.42
6730.19
311.02
1447.89
1304.35
1533.80
1467.28
4509.08
4390.57
3268.69
4303.79
2556.65
2386.61
2292.16
5807.79
2100.25
1518.70
7030.66
606.93
2385.03
1658.21
7702.65
1187.79
8931.70
5289.48
139.13
1880.92
7623.53
9905.10
1543.58
1132.43
3487.01
1529.22
2646.17
2289.62
2591.01
1495.58
1195.99
2052.95
1768.88
4485.85
7591.75
7298.02
1959.38
197.75
1274.62
336.70
1066.37
2681.48
3246.01
6491.27
8135.74
5419.47
1948.06
1890.39
1167.23
1215.01
2243.93
602.65
2158.18
3232.48
7418.13
7810.23
9331.45
2823.72
2849.99
1138.50
1160.47
3508.57
1379.09
7362.99
1361.36
1523.32
6898.26
3901.81
2064.24
4420.96
2991.79
1973.04
3820.32
1039.32
2727.83
1355.78
4142.69
2309.75
3754.47
140.55
7344.35
24.19
5842.71
4136.73
5995.80
9511.46
3132.82
5351.68
4437.88
3792.29
9683.36
3004.80
175.19
6109.55
1933.86
3742.38
1992.47
2452.44
1592.30
5645.16
2342.00
7416.52
3717.13
1405.00
1171.17
1669.77
861.92
4294.60
1823.24
2924.34
2051.89
4195.00
1478.65
7721.79
8831.89
5473.76
2852.81
6162.99
2774.73
8664.26
7974.20
8048.11
1042.28
1625.98
2972.82
4259.87
3114.67
5498.98
2213.39
5310.88
1611.08
4154.40
5766.88
202.11
4116.83
3317.55
3062.84
1194.83
3091.88
1157.61
1875.13
3198.61
116.24
2413.76
4423.97
1302.35
2329.42
1121.19
5657.17
47.30
4555.32
6921.87
108.50
2408.14
4800.28
5549.08
2097.63
249.36
8645.53
1270.04
1486.62
1635.86
9362.69
3727.52
6116.89
6772.17
5071.87
2567.29
2714.89
6192.24
1268.36
6314.54
2606.77
1708.21
1236.64
1396.86
4494.89
2493.85
2559.05
7478.77
7527.35
1172.91
1732.69
8813.14
4893.65
1392.74
5176.60
4434.22
2403.57
1533.49
4004.53
1742.50
180.49
1049.20
7136.06
7642.90
2820.96
6959.50
5096.02
7455.57
107.61
2681.15
1557.20
3477.38
1885.35
8966.94
3123.40
1088.30
7951.18
4191.39
1256.54
7771.47
7939.25
735.65
2777.80
1887.70
4079.11
1237.94
3103.56
2590.88
3944.10
122.59
999.02
6520.08
1692.89
1068.00
2283.09
1704.02
7391.11
6599.96
3617.05
4370.57
192.26
2059.96
2467.06
176.77
1932.54
2738.05
1039.09
3807.54
9906.70
4867.64
8322.23
5585.23
2691.54
2321.35
1749.37
1370.83
1160.03
636.15
1402.02
2443.94
4936.74
2902.29
2780.81
1707.24
1029.33
640.46
1584.08
1239.43
1145.98
1627.23
2034.32
2515.30
1550.80
1857.80
5522.39
2546.36
2858.82
157.34
2275.62
1932.86
4346.18
326.83
1062.53
181.18
1714.99
4749.32
8666.66
3821.64
7059.01
1714.59
3938.94
1771.99
3948.81
6148.41
3991.86
7912.42
1750.24
3287.33
1462.77
2389.00
511.20
2287.13
3762.52
4971.68
4081.03
6043.94
1447.39
1072.40
1887.86
9023.22
188.68
2581.93
1611.22
3812.31
2305.67
1793.46
7174.34
1321.55
2731.21
4219.39
1682.17
9460.57
23.67
4389.96
2789.98
139.82
4406.05
7860.98
6349.58
6846.24
1243.84
5571.30
3533.86
1309.14
3040.59
4723.50
1829.29
7724.44
9101.50
7357.83
1697.63
36.56
1689.41
7045.57
8785.94
1173.06
7068.22
129.44
3111.24
4044.03
6104.96
4619.42
6664.52
1952.82
5020.25
1845.65
1428.84
2188.22
2006.97
7395.63
5523.65
3168.74
6210.81
2369.65
6475.42
1814.63
1701.25
4129.27
1788.42
1201.60
3255.36
7493.28
1228.88
991.31
1785.50
1042.17
5331.31
9292.43
6742.22
3755.78
9118.41
4168.87
1808.63
1290.52
1269.38
2343.98
9310.72
1018.80
1930.79
8307.04
4222.97
2012.43
6244.87
2393.76
4054.51
1377.79
1899.18
8268.83
785.66
6535.90
3116.70
2697.43
1339.59
2126.25
3220.04
937.13
4936.50
3883.06
5226.63
6887.25
38.85
2321.50
1671.89
1778.79
4268.88
5657.33
411.95
6659.14
5734.48
2261.86
1417.16
5370.35
7028.13
141.06
3455.87
1549.93
7729.45
6744.53
7495.78
1086.83
2847.81
6937.07
1968.88
642.11
1806.31
4709.93
5289.70
7635.37
4286.18
7345.81
2561.40
2235.09
2969.55
5010.06
3919.91
123.81
1134.85
260.69
243.04
2605.62
1991.39
7588.62
2486.22
4453.15
6176.03
7879.04
4705.66
191.94
4825.80
2382.64
6809.91
40.47
1672.84
285.62
1121.35
2522.57
3635.09
1997.69
8641.91
2770.69
6099.20
4417.21
6272.43
5151.97
1901.23
1516.98
1719.82
4335.87
1264.69
3570.64
1451.81
1302.96
6346.31
3913.82
4259.56
9307.42
3533.65
6865.01
1703.40
4297.86
1697.20
9644.06
1414.01
1882.46
1766.66
1604.38
6076.47
3010.28
1335.04
1916.22
4737.72
5779.94
1308.80
3064.82
7211.91
1255.17
1882.56
7580.17
595.86
1404.34
2768.44
4696.36
2050.01
2570.86
9969.82
6492.65
135.27
1353.18
3379.97
9616.21
2073.09
3696.72
3986.76
1332.57
1112.43
5614.39
1105.30
5265.69
8070.74
1286.34
2997.19
9068.47
9372.31
1352.92
8309.62
2747.14
2149.60
2513.10
3347.92
4297.97
7592.07
368.57
2890.88
1188.39
3907.47
1143.83
18.46
1851.80
1702.40
5315.10
5265.87
5776.90
9896.68
1733.96
124.68
7910.83
2018.75
1057.41
6274.94
3332.16
6050.88
2311.74
1501.96
1136.57
5495.87
4013.45
1732.31
6306.07
2019.53
8683.73
2200.31
1292.98
3005.73
3506.68
7409.38
5348.61
1472.44
1594.71
7111.93
3115.87
1520.21
3025.12
5882.85
7676.97
1806.77
1330.67
4433.64
1767.23
4543.23
1233.41
1757.07
3012.46
1328.23
3453.84
2511.30
7231.26
1197.16
3854.59
1024.39
391.65
2775.25
1428.53
145.84
3454.63
1281.01
2208.15
4268.14
3194.65
9416.21
96.61
1195.98
3212.42
3144.10
1701.26
7653.75
2608.94
1365.43
2173.80
578.15
462.52
7700.06
7165.10
140.60
2694.04
2753.02
3296.22
9865.91
6922.88
4459.11
2011.12
8233.58
1633.94
3094.05
1175.72
1513.13
1064.19
7371.91
1990.93
1188.86
9034.92
16.75
268.54
6064.80
2061.19
1465.19
1526.13
9860.70
3672.04
1088.77
4878.23
1950.25
4106.63
5045.63
1525.84
4904.57
1804.69
1817.72
3593.53
7646.10
3549.47
1240.99
2435.76
1642.11
1704.04
1723.57
3950.09
7056.26
2009.10
3695.79
7337.51
2066.26
3749.43
3141.80
3774.31
6167.80
8007.50
1318.62
7456.72
4198.75
1402.85
2122.11
4160.90
1950.58
1889.10
5250.44
1716.34
5203.24
195.97
5288.57
1997.45
3213.13
8639.65
4736.43
1197.93
1566.26
1328.28
3179.26
1519.57
4861.86
1054.45
1579.48
1736.49
1685.32
7027.26
1762.49
182.83
5852.98
5139.72
1505.45
279.53
6995.33
810.67
8513.69
2672.82
1105.87
621.93
7897.83
7356.67
1279.58
4161.16
4513.99
7769.03
2445.80
8232.73
1079.86
1740.16
8356.96
6241.24
1664.02
4412.79
2416.58
1177.00
1453.06
4354.44
2696.08
919.64
4178.24
3600.11
2176.61
4387.01
1761.06
3239.64
1434.31
7718.20
6358.55
5540.50
2431.87
798.45
3633.65
2913.85
5440.77
1009.07
8495.63
3378.02
3035.29
5183.58
6094.51
8479.09
3296.95
2928.64
4288.91
3400.69
6722.64
4784.11
6459.90
1387.44
1284.34
6401.52
609.37
4152.71
2528.98
1295.94
1921.62
1193.41
1239.43
1471.35
1800.71
9174.48
1454.20
1123.85
1003.62
135.44
5232.89
1954.64
3764.07
1478.44
699.26
7788.32
19.37
1914.77
2363.42
5374.43
2534.12
1381.27
2839.49
1679.11
1292.02
1012.31
1652.31
3012.36
2022.11
1513.78
1911.54
5956.88
1484.57
1154.58
6707.25
108.98
527.01
6268.97
7764.23
3585.48
7858.03
1688.17
2957.30
1683.74
3657.70
1867.80
4297.13
2347.98
1196.78
1339.98
5348.94
810.77
1012.78
1151.75
3043.51
1021.15
1478.16
3367.11
3440.73
1402.10
7562.52
4094.26
1010.80
2411.06
2669.54
6932.71
4075.87
1430.24
6791.60
5710.22
1984.21
6699.25
8393.66
1244.25
2959.04
1954.58
6990.41
1480.91
1830.33
1100.94
1218.57
173.43
4488.84
2477.46
3278.01
4028.18
7815.10
1238.11
1917.01
4746.75
4504.23
4473.30
3183.89
2884.22
3616.92
2383.08
1666.10
1850.49
1907.07
5923.85
231.53
7691.37
6362.56
3898.25
3923.36
3372.12
376.18
9673.51
9119.01
5422.46
3412.50
3309.24
8511.16
9118.69
729.03
5266.32
2460.29
6637.81
4913.36
3369.97
1811.81
1323.28
982.95
1848.81
7408.99
1206.90
1291.97
4138.21
7520.94
8949.38
7589.15
2696.35
3671.08
6028.46
6972.39
7210.91
2461.29
142.93
1823.12
3149.98
5542.12
1259.68
9776.84
5447.72
1557.77
3305.89
1316.62
3592.57
1946.21
1321.04
3317.56
7987.48
6634.53
476.50
1083.64
6350.54
2071.59
8435.32
1227.99
9494.54
8109.70
3694.90
7969.81
2499.51
1428.24
125.42
4295.01
2361.86
3633.54
1679.69
8833.10
9397.82
5754.21
101.99
2799.55
3294.73
195.80
5131.78
2399.92
411.48
8071.79
2793.38
4425.90
3385.46
1970.74
382.86
1711.43
5278.96
1900.74
2501.98
6610.16
8817.73
1889.84
1584.17
2138.14
1128.29
188.46
1469.78
8847.91
1922.30
4518.31
6126.49
858.65
1519.18
2412.13
1247.92
4802.73
7505.01
191.03
1654.25
3040.67
1094.60
1458.28
1039.54
7224.97
1389.75
1494.71
7671.98
5283.32
2386.47
2533.52
1057.51
1558.36
7813.03
2436.75
2281.26
7860.79
3842.15
8281.38
1118.37
1238.52
639.31
5947.75
4049.07
446.30
5500.77
1107.65
7570.29
6709.50
2463.92
268.10
2037.76
1209.34
4552.77
7613.22
972.46
1117.17
2279.67
1736.30
3198.48
1176.59
4611.26
1805.01
5785.13
175.38
4464.26
1086.48
3655.28
1634.14
2310.72
172.97
188.26
3308.10
1695.72
6351.79
5144.34
4442.77
5332.13
3025.25
8883.82
2003.54
1540.19
773.37
1793.98
1871.22
3851.40
1321.21
2466.77
2140.57
1771.52
2549.57
9102.02
1163.66
1506.26
6975.76
1030.12
6706.49
1013.20
2910.49
1987.41
6184.46
7940.80
9558.60
7740.06
7330.39
1765.69
1423.47
1878.54
1872.05
3334.93
1919.39
2288.87
2516.27
1057.87
7227.47
2896.59
1508.14
220.55
1511.63
1650.38
9838.57
2623.09
1698.85
1629.08
6743.93
454.85
8153.43
480.48
18.60
2112.22
6011.63
1759.47
1511.09
7250.22
4704.55
199.15
1799.11
2140.66
2282.64
1469.38
2275.95
1954.34
1808.70
1671.68
598.01
3638.40
3782.21
1545.15
2685.90
1184.21
1379.85
143.45
8310.57
5951.76
8977.17
3211.29
7701.31
881.13
410.68
1078.12
8032.63
2517.37
6845.87
2973.56
3267.22
2198.07
3400.83
5043.08
151.11
9113.26
1805.37
8958.02
2758.55
714.35
392.49
6374.02
2414.31
6274.06
1480.87
1717.87
1482.96
8922.49
1487.00
3381.26
1225.25
4438.22
1118.01
9284.62
1013.45
6668.69
2250.48
1770.78
4356.82
9793.51
6939.41
7492.94
1532.51
4049.09
8077.03
2486.52
19.43
649.81
2329.27
5021.04
8041.72
761.27
8658.71
2587.17
4965.87
3217.70
1525.24
260.12
1254.28
5532.78
7601.84
8156.52
1795.88
1247.45
176.44
191.29
6320.60
1852.85
1559.78
402.52
1442.98
8043.63
1593.13
3222.62
5124.42
4786.27
1783.00
210.16
1454.63
1041.72
7386.43
5210.68
3007.90
1495.79
717.68
1001.68
518.07
4284.79
8723.70
7974.39
1694.23
7613.00
6313.64
1343.13
4528.03
5545.52
7018.33
1451.38
6373.74
1923.98
9095.55
614.56
3691.81
9948.67
2530.22
4804.82
1238.94
8317.90
364.86
4044.14
4594.66
1978.69
611.26
1249.24
6534.04
2816.61
1131.97
2917.90
7568.47
7580.56
1527.90
8127.00
212.95
480.85
7709.63
1855.12
9542.94
9552.78
3390.42
1849.32
8168.72
7453.46
7551.69
349.63
1016.72
3560.60
2818.32
1896.34
1402.48
7723.90
6765.10
7067.49
5898.20
1384.88
1022.12
3262.79
1926.07
2863.91
9125.12
3006.96
354.59
1541.13
3807.74
2452.66
110.46
2568.17
1496.17
4229.21
3884.23
1970.06
569.78
1466.35
3866.54
1456.79
3271.70
4996.35
8329.10
406.99
2032.98
1836.54
3484.51
3666.24
1030.47
3264.12
1146.76
1926.09
1326.35
4857.37
9746.94
1807.82
7683.01
5725.06
1754.00
7474.73
2656.83
1847.27
1248.54
402.29
4134.61
3929.62
1304.81
1108.59
5843.13
5017.78
7158.96
6194.11
7736.73
1096.34
7542.44
1446.21
1462.28
4691.62
2471.69
1040.96
2803.78
6840.18
1984.65
426.90
4201.32
3956.32
1475.80
5148.74
1524.80
2410.98
1760.22
1288.44
1469.71
308.71
4530.93
1775.00
1816.79
7789.97
7920.44
3782.65
3855.22
4296.56
1917.12
2447.85
6448.97
532.27
1108.01
6394.87
3846.57
2294.75
4913.99
2905.14
4704.64
7046.46
3921.07
2062.54
8636.92
1539.74
6352.74
7662.70
1302.77
8039.56
1105.45
1216.98
5855.02
2216.59
7284.73
8075.70
4467.17
1385.95
7336.61
3380.98
2707.85
8176.63
1447.87
2463.21
7117.55
1331.68
106.41
100.88
8289.73
2485.58
2130.70
6466.61
1967.91
2089.95
219.61
1591.26
1012.35
3110.03
1345.79
7092.85
1097.10
3504.24
3719.12
1403.36
2524.05
1816.62
7826.73
1597.13
3128.45
3239.78
3310.86
3571.65
2638.87
4240.23
4072.20
3866.96
935.88
3683.15
5718.71
339.47
2800.66
3089.77
7595.88
1288.01
330.70
3224.69
2998.01
1806.28
2793.13
2047.82
1327.88
57.88
7036.75
5147.43
4843.69
9512.31
7950.78
9477.58
1951.67
2322.59
8068.49
1446.82
3415.07
1288.37
1553.98
1944.84
3541.15
188.27
1627.81
7214.43
1011.82
4018.46
7117.61
70.11
6800.05
1497.60
4550.35
1043.11
4274.79
7312.84
3135.97
8238.65
1020.55
4633.88
3574.93
1457.67
1707.09
1908.33
2391.80
171.76
6354.22
3390.55
7482.92
1256.97
2001.06
5101.53
1736.11
3057.15
1403.67
5829.91
2699.02
1289.05
1105.51
5770.56
6329.90
6695.47
9175.53
1298.99
4443.13
3443.41
2547.94
1709.28
2738.02
146.92
4138.74
1232.01
1062.05
8881.66
1573.31
865.22
1432.47
9515.41
1846.31
3392.01
1880.40
3075.93
4583.68
3276.34
297.03
7833.24
3413.84
1262.18
9279.38
1153.15
1901.56
3708.00
6014.11
5074.68
6752.87
2456.31
1301.75
1288.89
3166.30
8117.06
4782.43
1521.58
8248.84
4117.94
2709.59
6070.33
8724.20
2228.18
3534.40
5874.04
1594.47
1606.27
2360.87
2662.46
8951.66
2522.56
7994.32
1939.08
1574.27
1580.89
2284.67
1376.74
4116.90
4586.88
1246.34
6643.59
7103.48
1423.37
446.07
2364.00
197.43
5883.45
9796.29
4244.72
1239.52
2414.14
2267.17
9063.45
181.03
8186.91
1428.10
7240.35
8990.57
1360.24
1565.37
1017.73
2755.37
2372.48
44.36
3571.27
8784.62
6924.16
2952.47
2118.80
1857.25
9476.92
6402.39
6397.79
1654.72
695.19
3491.99
1679.52
7750.74
1156.50
9643.05
2645.71
5140.83
119.69
7544.25
1693.52
7741.00
1932.47
3146.21
2568.24
5904.23
2452.92
2553.21
3676.23
1587.90
2869.95
1967.55
4443.03
8892.07
3414.59
1594.98
6706.11
1818.82
3461.77
1623.51
1815.85
5829.67
5800.30
7682.06
9808.05
2164.81
1257.56
2201.27
3256.35
1172.46
9819.29
7820.03
1045.27
738.64
1756.13
1607.50
1697.93
5297.73
1304.71
3265.95
2582.73
2687.15
3496.40
1306.23
6956.87
1318.28
166.32
1373.14
9634.62
4106.16
4605.05
4078.38
1218.31
4973.33
5398.52
2616.57
8017.90
7938.65
3622.78
6419.93
1109.58
1759.70
6897.18
412.62
7795.73
1241.35
6328.38
1292.16
9738.77
1791.70
3445.11
1076.62
7062.21
5301.92
1048.10
3514.01
1739.51
1105.35
1538.94
1520.11
1090.79
2611.11
3228.16
1195.59
1116.75
9983.16
1566.36
1095.37
1830.28
3742.35
1936.45
6239.15
2737.11
9942.41
721.27
1038.93
4719.17
5805.23
3245.74
7870.37
2541.74
6137.10
1471.35
8365.08
6765.47
1572.13
1328.81
7582.73
2983.37
2852.85
1028.96
3710.24
121.16
7287.00
4902.06
1273.69
2301.31
7497.27
5129.28
7435.19
4070.74
3457.28
3523.07
6484.20
6876.33
2248.01
6693.35
4242.14
446.65
7737.69
386.17
1813.60
4310.53
1836.51
8917.00
3011.73
4163.33
1228.53
3067.43
7410.71
1118.35
7180.54
4967.82
5119.25
9487.36
1815.89
2785.51
1124.50
2406.20
8611.57
1802.76
7741.69
1638.76
9430.65
1114.39
1738.12
1916.09
3559.22
2532.40
2512.28
4455.93
2726.49
4027.24
4920.39
1542.02
1721.84
9359.69
2898.42
3073.41
6270.08
1399.05
1521.70
6093.94
2948.14
6901.57
8613.08
1657.35
1853.65
7390.58
9584.95
5629.76
1730.37
1852.90
2344.27
1838.43
2597.71
2307.22
2828.01
3718.46
1398.34
8141.02
2501.03
2146.43
1103.65
9653.55
4401.06
350.95
1455.50
8352.93
361.46
1912.89
891.41
3739.81
1537.85
2488.49
3407.80
6535.72
2791.47
3231.34
2717.61
335.73
4656.57
2926.59
680.62
1472.63
2404.38
2154.49
2139.64
3935.89
1728.87
5577.48
4632.96
2122.63
6634.28
7743.69
7536.79
1904.23
4291.64
3708.27
2153.62
1355.47
2993.32
1250.07
7404.35
6935.08
1454.18
1714.39
3467.42
332.22
1723.21
1669.29
6727.35
7580.32
7666.98
5515.58
135.69
2798.86
5246.16
6135.74
196.88
7323.62
1046.71
1885.71
6323.62
3142.77
267.21
2210.97
4838.26
280.87
2080.60
1636.09
4130.17
1754.53
4657.55
6028.82
3958.13
2998.17
3696.26
5934.42
6154.93
1374.48
399.60
812.22
3579.94
1570.06
7265.30
5567.44
4823.53
1602.87
8311.77
4702.78
3487.46
1324.70
2151.69
1824.43
8112.35
1864.31
7213.17
5042.09
1261.06
2723.85
1139.19
2573.42
3980.54
7043.27
3149.35
157.57
380.26
7966.83
2938.16
9506.06
2523.89
1820.57
3256.46
2694.74
1655.83
2285.25
3330.55
3521.57
1816.65
1600.46
217.07
6688.35
3529.85
3944.53
2536.58
6808.13
3689.56
728.17
3788.76
8437.57
1652.86
1374.67
402.02
7442.71
1234.20
3296.78
5286.60
3378.50
3433.49
6815.90
2816.09
3864.73
3338.53
1111.66
2141.57
1515.29
7656.31
2874.47
1074.29
1005.65
9121.57
1440.70
6075.94
1128.43
1314.77
3327.93
2248.53
3107.82
464.68
2389.11
2301.93
2678.32
4815.21
13.80
177.79
8316.68
9325.06
212.51
8145.34
2390.00
1165.60
5999.03
2802.91
3548.71
2120.37
1624.10
1927.67
2866.46
1242.16
1883.78
8445.00
214.71
7667.61
1663.69
8834.00
3159.86
7843.62
1692.00
480.37
3456.59
9950.91
222.51
3550.54
4056.22
1415.77
4202.55
1849.35
1345.37
1515.49
3214.02
436.00
7952.47
9234.11
3814.38
1223.26
4595.30
3913.93
1731.18
649.55
279.38
1092.28
1016.87
6274.23
4008.73
5147.50
1791.06
5181.53
763.29
1097.41
49.23
1718.09
8373.58
3339.09
9293.32
1041.81
1875.48
2330.42
4954.66
2534.17
2225.67
1573.25
6091.39
4648.98
4341.95
1740.58
7793.40
2392.55
8235.95
2916.58
4627.67
1477.74
3503.55
2696.46
1583.51
255.36
6147.92
1280.65
1799.25
14.45
8135.66
4282.46
3637.03
3188.15
1505.46
6361.45
1300.85
1768.94
1197.22
864.13
1789.04
2966.50
7068.77
1793.09
2098.28
3397.64
1931.63
199.05
386.55
1927.54
1617.62
3296.50
1188.37
1587.08
2692.70
4209.83
6244.01
4176.44
8150.16
2429.67
4976.28
6665.47
3200.58
2512.57
198.00
9539.12
5696.34
7816.26
149.25
8279.60
2221.23
6293.15
1252.90
1266.79
1516.09
1616.66
5004.95
1352.29
7426.21
321.70
1643.86
1398.27
5156.50
105.99
1433.44
2261.04
6108.37
1159.98
1495.15
1318.23
2786.35
8569.40
170.85
6319.42
2544.65
1666.32
1341.21
6072.03
2725.50
1607.02
1010.48
8069.50
158.95
9905.14
1815.68
131.80
5480.78
1176.35
1943.25
1785.41
5683.60
1673.02
7265.71
1072.42
1025.04
2152.84
1672.50
7682.02
7354.74
8602.35
102.02
1614.42
1415.06
7670.04
2799.39
6218.67
6106.90
2930.88
8954.45
717.21
207.42
6395.52
14.54
1884.10
170.83
2875.74
509.99
259.95
6583.68
3679.00
1016.33
305.75
1277.67
2679.34
3637.64
7084.07
2873.02
1756.27
1804.74
154.77
7615.60
8613.53
3091.37
2770.59
5699.15
1686.22
1091.48
3114.66
8225.94
1557.04
3369.70
647.23
8168.26
1549.68
1784.47
2994.39
4908.24
2445.00
9372.26
1060.99
7218.31
3738.36
6273.82
134.52
8116.24
9022.99
8353.85
8651.48
596.76
8601.81
3598.52
1405.31
724.62
7556.21
1777.89
7601.10
4233.19
1139.27
1107.86
1375.78
2846.92
8553.43
1010.46
1820.22
1392.90
1615.66
4383.57
9061.59
1183.33
174.98
7003.70
3392.58
1807.38
6488.26
1137.89
25.25
4410.73
8922.97
2.90
7513.72
7384.09
9141.34
9580.87
1116.90
1674.53
2070.16
1796.54
1413.87
1000.08
8135.96
7681.18
8778.14
2794.01
2110.11
1877.04
674.78
16.91
1665.50
6960.37
5769.32
4885.91
4032.41
5380.97
1731.46
4105.52
6639.33
3128.69
1774.28
4262.28
7718.14
1332.48
1939.14
3745.71
7078.83
4301.88
2672.17
5681.91
1472.93
4347.27
8264.35
7527.41
8444.10
171.77
6895.47
8866.50
2819.19
6136.71
127.93
1195.80
5293.86
7394.18
3235.54
1924.60
853.96
3605.28
324.20
4521.12
9832.46
625.24
3929.51
6080.44
3981.55
1190.09
1705.30
267.78
6625.41
2646.20
7859.64
1167.95
6021.33
7896.03
168.27
1361.23
5026.98
1515.31
4933.32
1148.96
1167.51
6833.42
6480.55
2936.98
4989.98
1936.95
1689.24
1823.06
1816.94
4071.59
3162.55
4155.87
9861.37
2476.72
8124.99
1976.84
4356.62
3134.75
1366.06
1449.88
9115.49
1944.57
7205.92
1390.56
1190.95
7786.83
6411.12
2732.78
3649.90
2164.14
311.01
6480.86
8225.05
1753.07
1860.70
7150.14
7299.23
3408.85
1778.64
7787.28
3935.78
1405.73
2500.22
3439.27
2868.50
3155.78
6253.68
1071.13
4716.12
6026.23
464.50
2864.35
1590.16
1232.76
1649.67
3515.22
196.49
2148.93
1025.04
2332.88
1351.11
6588.27
2480.68
3641.12
1887.57
1079.08
1280.84
107.68
1454.99
7441.93
1833.60
1076.98
1455.67
3843.06
1919.55
1673.83
2155.17
7116.32
8885.24
4408.82
1142.24
4750.40
1909.69
1517.54
1055.47
1333.39
8917.77
4475.79
3009.76
2215.00
737.14
21.47
3158.46
5999.41
1442.20
457.08
352.93
4942.47
532.74
198.88
2077.30
5450.23
3841.93
4004.27
2954.63
3342.01
6355.33
7030.43
4746.43
1009.70
1140.20
2248.31
1096.92
1750.22
1079.76
4728.85
2658.43
2919.08
7116.34
5217.27
1344.25
1598.42
5662.62
3198.94
2589.64
5547.97
2286.34
2924.05
3488.51
1198.86
2610.11
5709.95
4835.16
2446.95
2438.23
4208.36
1499.71
1451.92
1591.33
1509.68
1456.45
1724.07
7730.31
7955.56
343.49
2689.22
3795.70
1440.42
706.51
4454.93
2585.35
1816.94
6117.29
1925.77
1980.54
1869.28
7913.57
3348.14
4064.81
8801.59
3779.16
1179.26
4823.80
5776.65
1.47
243.47
3577.61
159.18
8546.98
7210.53
3051.71
9899.38
4486.77
278.04
7.45
2232.47
1070.50
2533.12
1907.96
2314.15
9533.52
9407.25
3850.13
1099.17
1986.83
256.04
1987.08
2726.97
1961.86
3213.78
8935.20
3504.53
8491.27
1397.33
9600.67
1453.59
2205.48
2897.03
4310.27
8241.49
8276.41
2958.35
1781.60
5188.27
5226.95
1996.85
4308.55
16.40
1277.72
1897.97
1607.42
8482.15
7763.63
1103.86
5479.49
2074.80
5372.43
2915.62
5706.62
2860.79
3622.70
1239.08
489.45
4411.87
6184.33
7043.75
8118.89
1990.55
1670.35
3568.01
6058.89
9135.59
1989.34
1570.99
1935.24
4231.17
4374.46
1166.15
5411.91
2686.79
1807.53
1326.07
2469.40
3773.24
2425.44
2775.75
6472.24
1175.05
6967.22
34.26
7180.71
1211.65
611.73
2172.16
2131.36
5575.74
2713.87
13.95
7613.57
2230.42
1657.47
4622.45
1432.51
573.62
1180.16
1006.95
2788.88
4895.11
3832.93
9911.43
6209.43
6455.91
2622.72
1293.49
4176.67
6075.86
9118.51
1583.74
1495.75
3279.73
2178.80
1415.45
1033.76
3796.92
5687.41
4086.96
1067.34
3922.31
306.93
4155.59
4693.30
1271.31
1292.95
2655.01
2056.03
2198.01
5195.17
4901.40
2568.47
6291.91
2953.50
8898.07
4521.41
4117.05
3562.39
3016.07
9546.62
3635.99
3626.06
5902.08
1561.34
1189.95
1712.22
3335.65
7191.14
1105.10
2969.50
1840.92
5969.42
9134.25
1011.70
2051.08
6671.45
722.02
6351.47
6547.36
659.70
582.99
2566.17
1173.12
470.17
2226.66
1328.05
1980.07
2525.49
4371.06
542.02
1803.96
1202.37
1687.72
170.01
1175.52
1106.32
2296.93
2762.66
322.32
3384.03
151.04
3316.14
145.01
7986.55
305.71
7225.76
1125.83
6422.30
1456.64
2426.46
4695.23
3756.33
4333.80
239.19
1013.56
7996.01
6618.89
4589.81
3308.50
1020.44
3713.83
3509.64
1173.75
1609.34
1827.41
1834.16
6852.68
5498.16
1120.89
689.94
7193.79
3477.58
2286.16
2533.91
1018.91
3516.84
4335.01
6094.07
8056.04
4054.65
1436.44
4605.13
1090.64
5921.19
4359.03
2138.22
5398.82
7314.03
1575.29
6092.97
4043.38
8771.44
2156.00
8731.38
1081.29
1037.80
352.76
1293.95
3995.59
5963.52
1292.13
3221.02
1869.26
8726.65
1390.97
4543.10
3047.71
4913.81
1026.17
5954.93
1452.68
7098.44
5549.52
7829.94
227.54
5570.33
4475.19
5338.07
3852.54
1456.62
7283.34
5370.76
1604.32
977.37
9305.95
150.05
2428.16
1192.13
6850.36
2700.11
7311.29
8142.51
2252.51
715.70
5989.44
1580.37
1473.97
2388.14
3752.29
6740.71
1574.38
1980.77
2731.68
3511.34
466.85
4145.33
1225.78
3150.96
7516.74
128.77
4133.22
1235.45
3576.04
4160.64
3647.06
2485.08
6599.06
7440.59
3717.88
4013.55
1850.13
1987.13
2860.16
22.27
4285.98
685.20
375.36
8263.92
5045.78
2573.77
2036.26
2318.15
1055.75
5171.28
4181.11
4859.88
4622.45
3785.94
106.25
4973.72
1699.67
2757.47
7375.02
7951.54
5216.60
6786.29
1265.02
1679.38
8988.62
2201.35
3596.58
3006.85
2979.17
1939.97
8000.92
2491.98
1442.74
336.34
1631.87
9532.02
4410.61
1331.99
6162.22
3880.53
5884.49
1931.56
1926.38
8312.45
3314.41
4015.91
7079.57
9249.33
4946.31
137.80
6963.16
2989.52
2205.32
256.67
7432.22
7991.31
9871.70
158.75
2591.53
4805.00
7706.66
4030.55
1108.10
1844.29
2446.22
3116.46
8506.01
5218.18
10.19
1137.81
6398.94
6185.21
1255.01
3580.92
4255.35
7795.43
4884.70
1417.00
2680.52
4546.75
6060.51
8005.29
3666.61
1920.72
345.29
157.23
8343.53
353.02
1903.19
1659.10
4050.63
7927.57
801.89
1649.36
1993.41
7411.00
3722.53
4375.88
1870.99
182.53
5071.33
1876.88
3849.80
9790.43
1748.99
2091.12
7079.56
1162.38
3854.69
4406.11
1757.58
1941.86
4634.10
1689.81
2797.80
2737.53
8860.08
1323.32
1471.75
2903.69
1254.10
3080.42
1522.30
6181.66
1355.11
2685.04
1930.06
481.58
9900.68
6600.76
1101.10
1197.60
2844.76
1324.11
1456.93
5551.22
1669.50
1058.30
2.96
9390.66
5638.63
8544.63
3603.00
4925.59
2772.09
1332.82
1370.92
1394.41
3252.60
2599.98
3346.86
2594.66
1843.51
364.83
2734.86
1733.76
1733.55
3601.53
1707.00
6960.62
353.00
2643.35
7348.57
1511.80
3861.98
209.68
7233.85
6342.19
153.47
4527.64
5290.05
1409.00
1920.70
1986.92
1303.67
1618.34
7337.35
6022.24
8965.96
3734.81
1145.19
3038.95
1336.52
1473.55
1089.28
2478.49
3080.57
1140.91
2752.03
485.75
1811.97
526.11
641.22
6401.89
5986.06
1073.25
3064.86
1810.66
1320.25
7803.59
3164.33
1581.10
5194.08
7596.59
8197.23
1885.28
4578.44
4873.31
122.21
5208.00
5686.55
8627.02
1089.87
4716.48
1778.61
9649.52
8341.23
2736.17
1920.92
980.87
2710.19
1399.83
9406.40
7941.39
2835.47
1341.83
1026.79
2846.85
146.08
3806.77
5197.79
9792.22
276.07
4673.59
4893.58
9317.28
7708.03
8332.61
1250.65
2085.80
5121.59
6692.57
2680.80
1135.70
180.05
3464.80
3425.65
6469.84
4906.33
2495.68
2359.67
6117.96
7222.99
4096.01
1503.64
4931.95
1404.62
1051.15
3289.44
1874.82
301.16
2361.02
7895.47
1504.67
1079.36
4179.07
2407.56
1925.77
2912.59
2995.35
3701.40
1784.86
229.13
4386.63
405.65
485.96
2568.67
9661.84
4444.08
7087.09
5865.87
1349.56
4634.75
1815.96
4032.73
1889.63
1339.33
1442.57
7604.78
3542.50
6507.23
1091.51
5091.10
1145.15
1767.78
1590.70
3767.64
7347.30
1723.57
1517.32
1127.17
4891.81
270.77
176.57
1295.24
196.71
1168.65
6618.87
2554.28
3142.63
4640.96
1450.93
3625.28
4406.62
1172.51
8261.39
2831.84
9102.72
1179.72
4322.89
4527.35
2548.35
43.91
7522.38
4848.76
2457.31
1143.04
8282.28
6369.93
7430.23
1698.90
1200.33
2918.99
1639.25
6919.61
10.30
1452.55
3474.40
2448.22
4369.39
1159.27
1377.74
891.62
1378.53
1530.49
1661.65
1960.36
5421.91
5881.27
2198.38
2546.79
1318.40
8978.65
3305.87
4644.84
2804.30
8538.37
1635.59
3400.45
2491.34
6394.54
7479.70
7049.37
2425.14
5042.67
1768.57
6708.89
1727.27
2507.02
7527.58
9005.14
4934.81
2660.62
1024.69
7807.57
3356.23
1762.02
1940.11
2701.82
2881.99
1659.83
3836.28
6649.87
7459.31
9468.64
3742.93
1588.08
1166.84
7857.58
1986.80
1616.49
8.31
1337.75
8628.35
1356.96
5438.31
9343.38
2502.32
4488.50
1558.08
185.91
1839.44
7708.56
5118.09
7492.03
2732.64
2821.67
2156.90
479.54
1387.85
2599.67
4028.48
484.24
4602.43
1611.34
2843.81
1663.78
991.70
3428.13
2863.72
5842.23
1984.85
8928.28
1486.99
2549.16
397.13
2957.89
3209.97
7221.49
2462.13
3862.63
5962.68
3602.81
2707.33
1994.26
1486.17
4800.40
5968.53
2052.78
3529.40
1944.87
8125.62
4243.73
4474.66
1812.98
6646.98
2947.18
1859.84
9018.48
4900.74
4896.23
139.45
1320.53
2319.30
6331.59
1809.39
9380.11
1607.24
2831.00
1418.93
7836.08
5868.57
1241.37
1221.00
555.95
1974.99
3635.44
7078.58
4460.53
5467.47
1150.12
2272.37
3487.96
2362.51
2265.00
2932.20
7608.24
2482.63
4401.31
2133.55
2657.82
6362.01
1969.58
2276.99
4461.01
3854.47
8757.53
6833.08
7836.83
423.17
6024.95
1540.99
2199.80
3963.43
9171.87
4589.90
47.45
1908.98
9967.82
5686.79
8827.25
1922.95
1718.21
1271.74
1976.24
8655.16
9746.99
4163.07
3797.03
7662.48
3271.22
3429.95
2572.79
4670.01
3153.60
2927.99
2965.46
255.66
225.20
4654.33
9964.74
1105.69
9206.67
1169.26
3033.23
6649.19
1948.48
2252.33
4888.04
2296.27
7569.83
297.99
2290.95
1515.52
8586.50
7392.46
492.91
458.40
8064.42
1900.48
3164.07
2581.14
54.75
4567.60
1008.89
1239.95
8045.88
9945.65
5305.92
1608.04
2902.65
1085.36
22.33
2480.29
209.35
7726.35
5753.61
9498.34
6306.87
2131.86
6301.01
16.38
2751.14
1054.52
1888.04
1086.86
3021.91
2154.98
5299.31
6759.66
4794.25
1844.42
756.67
3284.09
1118.82
2486.76
3000.73
4175.93
2130.37
507.46
1525.81
3388.56
3340.18
1578.09
8885.84
4438.65
4604.95
7571.61
6523.59
3786.39
415.08
255.83
8632.75
1227.43
1687.88
1448.39
162.68
9659.60
2742.73
2172.19
3849.65
5284.31
2427.65
9226.71
8377.02
1431.79
1401.00
2456.09
1133.32
8554.74
1364.01
1787.90
4928.73
2820.26
2145.41
7044.30
2965.15
1023.84
1898.28
3596.82
2000.44
3128.05
1528.46
309.74
1331.59
9892.46
1540.74
2650.57
1210.97
4706.92
5647.43
1763.46
1458.72
2978.52
3306.21
2597.75
3331.86
121.64
5151.21
2353.04
4233.98
3371.47
1969.82
2206.00
1382.08
3337.24
1420.49
6931.68
