1321
1170
4731
2055
3445
3045
1982
1244
528
4290
4655
2110
3563
4097
137
2646
4725
3302
4426
3585
4563
2560
1111
2810
2980
522
4847
1219
3169
4211
1163
2115
3201
3807
2523
3931
4150
2196
4177
306
4332
4802
29
1660
4941
1275
2984
2731
1294
117
2588
1238
383
2392
3917
2021
3245
2593
3326
2117
4169
1714
929
4643
3755
3443
2427
4216
2612
108
1483
2441
1957
484
3208
646
1518
4886
85
1007
4187
2896
4922
3789
1620
1316
4759
1812
2206
3754
1170
3874
2524
3958
1001
1645
238
2454
1616
3677
23
2718
4744
764
4820
230
421
4425
212
500
3477
4164
1900
3494
4292
4339
2901
815
4034
1069
3966
1643
4954
3770
3643
4793
4420
2101
4267
2017
4887
3716
4622
3619
247
1780
900
1637
1267
987
3102
422
3023
469
3000
4717
3091
2707
529
2133
637
482
1071
2326
3060
1030
2158
2188
4647
3963
2537
3215
4058
4987
2105
4248
3885
295
3953
2456
2259
2262
1325
1954
4011
1544
1831
529
4962
2280
1364
4252
2233
576
4208
3588
2217
2866
2727
609
283
1217
4101
3853
4748
4640
3894
3863
4403
4972
3601
1569
2191
4265
1348
3084
4120
3600
2791
1381
4282
722
4141
1858
3268
2776
334
2426
1657
2487
2394
4831
1020
2909
1978
3782
2495
770
4270
2475
3659
420
3787
3528
2925
4192
3503
1261
1214
1812
4889
4205
2463
3994
3054
4010
3592
2811
301
1946
3132
2264
4526
4466
2296
1513
4116
60
2258
2702
3165
1185
2872
409
3234
3271
3470
4493
4168
4062
3747
891
2981
3520
2818
766
2452
3447
2305
4029
3416
3977
2477
4213
1727
2058
3014
4608
3798
3815
4164
3151
4397
3529
161
2619
4234
3347
927
1874
1843
4906
2793
3437
2673
3112
761
1851
4147
1234
2053
900
2145
3343
4069
4546
4187
2935
4169
1100
877
1113
4869
889
4779
4678
2448
3322
543
3139
2484
4074
3835
3608
3282
3717
2833
1861
1801
4751
3717
1686
3941
244
1225
3593
1382
2158
2032
133
968
2310
3930
1507
4932
651
2731
3926
4331
296
3760
3485
1821
4879
1641
1152
4447
825
4778
4266
1564
2323
4925
1166
1139
2136
3525
3653
1414
2077
4012
2056
2326
125
4343
3834
49
2592
1457
2976
2942
589
2031
2179
269
4189
236
2056
3418
4944
45
4081
2971
1972
676
1169
2497
4630
1854
4949
428
3269
4335
1338
1362
4982
3495
2572
752
2100
246
4594
3560
1142
2935
1968
3027
1136
2952
2620
1040
3876
4741
2195
1839
438
4101
4704
980
4819
745
2771
102
3783
4467
1590
427
2870
3826
665
3127
1960
2964
2144
2341
1732
550
3266
3534
638
1875
4333
3655
4198
2128
3983
4631
2075
826
4273
2494
4561
330
3729
4826
3145
872
4548
1154
1948
1907
2577
1475
1091
18
2478
4559
4467
3339
558
3946
1783
1487
1524
420
3987
604
4567
4877
3494
799
1113
2439
4945
3074
2910
1985
3013
377
3466
2295
4278
2050
3651
1059
2059
1622
681
830
4319
1975
2114
3340
3619
4927
4320
3772
2926
4255
227
4451
3284
4299
3715
2312
3365
4013
2076
3106
3939
767
2312
403
1916
1782
1387
3433
1505
1137
3390
3138
1460
2188
232
379
79
1192
2311
1375
4549
492
3049
2405
57
3739
2129
831
1981
4751
3131
1383
4702
1008
3886
1820
1172
4759
1754
3533
2379
1422
3378
3301
1246
3092
4748
2679
4943
1368
1190
221
4674
2785
2787
1461
2714
3463
1376
4726
4762
4012
3733
3964
3464
1744
2677
2034
3795
4851
3625
4378
4155
4809
3021
984
2354
4023
4380
4755
4198
216
1321
2837
2351
475
3998
3429
3450
4383
3154
1685
3591
4006
762
3371
4347
2819
826
3680
1691
2459
1121
520
681
4530
3757
4922
3565
2309
2522
2436
3984
3624
1158
1645
4939
558
1434
3349
1490
815
82
4673
215
331
3289
1449
2140
3199
4396
4907
1896
4474
3599
251
3878
3289
1019
4830
4011
3378
3248
3536
3132
2622
1299
3805
2235
1408
4906
4525
664
4959
190
1938
3015
4903
1862
3320
3449
1634
1434
4923
1149
4756
1668
1205
2308
3710
3227
2612
339
2809
3567
1702
326
1456
2127
4826
3550
3240
2079
2548
1224
1612
2697
718
1430
1780
3391
3308
113
4821
3384
2930
530
2202
1873
2322
2937
367
492
3110
2265
3594
3316
355
2041
85
2221
2377
4732
1337
879
3112
4223
4794
430
4686
2914
1417
59
1087
346
4950
2159
122
3017
813
3750
2898
3185
3107
1250
2347
4828
2242
646
1303
887
160
549
4917
4131
1728
1891
690
2371
2943
3604
1814
2742
686
1448
2331
1476
1214
2675
3521
1050
1996
4612
4440
2280
1657
4680
1684
1199
4541
1764
3530
4728
95
4564
3426
4764
4623
3893
3498
1707
821
2596
2280
2595
4240
3820
2437
575
2926
861
512
1980
1001
1588
1530
2778
904
1780
1874
1587
4260
1729
4132
819
2419
2294
4418
2250
1987
252
2181
890
3868
2588
2332
2554
3864
951
2804
3954
1035
4832
3439
4864
3704
281
4616
4990
3151
4233
911
3376
3569
4998
4721
2334
2187
1617
2408
1083
4911
1625
3218
2909
2196
4974
1956
4027
126
1577
1617
2823
2887
3895
244
3633
3529
2833
2476
3279
460
3643
343
2163
3584
2607
37
3203
156
4454
1843
2677
3755
1208
4532
1190
385
2785
1939
4540
562
343
2013
1301
4163
1695
2971
4518
4458
2976
262
1469
4501
1939
4041
2084
4280
1667
801
2356
387
529
2711
2771
1049
2882
1213
4547
4713
682
4243
686
766
4855
1325
4512
447
611
2271
2464
2133
1060
4749
763
3882
149
3177
1690
1361
2463
4446
3277
306
243
2615
2010
3719
1980
1623
4976
2424
1038
2664
4859
4301
3220
180
2179
1317
2428
1073
1603
2166
1594
135
3030
2427
3023
3130
1372
4711
2064
497
871
3254
423
1369
208
252
484
410
3082
4258
627
4393
3428
2224
3623
3452
1294
1476
2296
1736
4584
4358
1350
4694
4126
4014
3566
1395
1972
2189
4566
4919
3416
2874
2578
4045
2013
572
2748
1712
3594
3934
2350
2144
887
1230
2127
4826
4182
4721
3644
285
4586
1016
4648
357
4252
2355
1703
3385
2956
2142
1648
4773
124
2369
4314
2275
3697
3448
1333
4915
4906
2888
1612
4977
4983
3068
4501
1031
2918
3155
1645
2520
305
2327
2905
1118
4146
4083
2154
1810
3613
3960
2940
1616
4120
4834
2892
1486
676
1627
774
4692
796
4803
3467
2957
1584
1899
489
763
1396
3513
3755
1838
3632
2007
587
2425
3482
1444
3001
2271
1741
1511
3593
2576
406
221
2728
4996
2170
4923
2701
4496
1476
4834
4870
3549
1878
75
30
2628
641
3808
89
1895
2711
1078
156
2558
3553
362
4489
718
2156
2187
4731
146
533
3132
535
2012
3400
656
963
4326
4272
4008
3894
3617
3271
249
2199
411
3801
1952
3564
4744
3404
3205
2266
981
914
2415
934
4834
2198
1233
781
899
3380
4042
4625
2777
961
3810
1603
3206
587
350
4617
3031
4965
338
4384
3008
836
3606
1453
3015
867
3799
2945
4483
4347
4857
1086
2783
3634
1712
1882
2417
4616
4588
721
2710
3652
834
650
669
3853
1166
2560
1285
3183
4747
3269
1730
358
3376
4424
2080
1234
520
1784
4910
1069
457
331
4153
1601
1309
4982
3433
4048
4911
2069
333
3425
45
3347
4511
3330
258
1056
4708
1077
2271
2158
2184
1707
26
1961
1433
1014
4554
2111
1367
2230
1266
3569
1587
197
3774
2004
3586
2208
446
2044
4553
3815
260
1028
3540
2657
2848
4688
2267
4495
982
1624
882
2937
2073
1153
494
2762
1815
4791
1546
4575
4217
4998
247
2842
4077
1973
1033
1883
2048
3972
2757
1705
3260
2947
4927
4797
1307
1731
947
2493
881
1345
4829
2037
2291
1508
2839
3134
496
1240
1035
417
2649
4861
732
3988
4155
2631
4117
1994
2191
2216
3533
2767
621
4429
290
255
3753
3546
4371
4360
279
356
2697
4354
1470
1485
4368
1853
1984
3749
4194
3985
1699
963
2162
2600
3076
404
773
31
2546
4366
2326
947
892
1352
4909
1272
4227
3545
52
4053
770
4916
3441
1157
3198
1873
4608
355
3315
190
4050
1827
3869
2452
1667
2179
3080
4505
4587
2086
4765
1530
2468
1406
4260
1986
3211
4276
547
3785
893
947
321
4663
1534
3076
171
2570
3411
2021
1691
3218
4299
404
3110
1709
1565
1267
624
957
2455
3875
2572
1386
623
264
4338
1908
2273
989
4333
955
3274
2053
4331
3372
980
4369
3696
2606
481
3867
154
2111
1840
2054
4991
2254
347
3878
3734
3194
34
4893
289
3771
4349
4903
119
861
494
2625
4508
2618
1793
1356
2205
994
2804
873
2060
1893
3417
4901
2323
1978
4853
2899
3421
2868
1335
176
2843
1757
919
3274
1100
3123
4225
4901
1009
495
2622
3112
1199
332
547
922
3665
1260
3326
1917
2779
1097
329
512
460
4541
2147
3513
2456
3558
415
2162
4960
3000
1195
2043
251
1355
3764
3533
3854
1142
336
1936
3732
833
1215
1048
394
4530
3319
788
4087
1109
154
3404
837
4498
1950
4743
2646
782
4299
697
4040
998
3461
2917
366
1435
4600
1679
4041
1327
1765
4817
4125
519
2334
1989
1958
4208
2966
4463
1520
745
11
2705
3776
3975
2773
217
1981
863
985
447
167
4916
435
2248
2582
224
3701
1809
619
4820
1694
1876
2757
490
609
1307
75
937
1434
2345
4966
2463
495
1300
4760
4189
2375
2293
2916
3033
2383
1645
763
736
897
987
4461
3652
9
4987
2580
976
1879
1221
2302
3156
4181
1204
4352
1735
1536
1627
678
163
816
3366
722
4897
1312
1494
1642
1830
799
3068
4754
2373
2721
150
1804
4662
1276
27
519
1288
3088
4463
3733
330
13
4860
3269
486
1118
2140
4614
3215
2801
1968
2640
2694
832
1132
3164
924
2896
2039
103
3800
4381
1286
605
3075
973
3689
4570
2413
1420
3515
4553
1781
4628
283
4092
2028
4737
1622
1594
3300
964
817
4899
2618
4196
4186
2200
3125
3529
3311
4875
1089
205
4547
4041
4545
2314
38
2239
268
3291
3427
3469
4353
1653
1106
4777
796
579
3689
3898
3085
1007
4348
4054
2674
471
519
4359
1110
3887
4659
2766
1589
1041
4992
1729
1753
1949
696
2300
718
1409
4806
3138
637
3723
1877
2334
386
4715
2803
4592
3236
4411
2834
4181
4022
4589
3286
2727
1492
4737
1372
3332
906
4394
4781
2058
126
2951
465
3344
575
1181
3221
3746
3026
4021
2857
1794
2461
3955
3373
2570
4654
4299
388
3056
4371
1395
2540
927
703
1471
1182
4018
2501
3311
4417
905
3611
776
4532
2339
955
3892
3726
2942
3828
312
979
1590
1569
98
2024
1176
3540
4995
1608
4020
1561
3803
1810
4556
4395
2207
3293
3044
2889
2141
4000
3574
634
215
1094
1334
572
4948
124
848
66
1639
2893
878
1267
3412
3766
3418
1169
4212
2608
576
2029
1458
4424
1001
1640
3278
4070
4757
42
3157
348
1597
2791
1033
1965
606
4878
321
1483
4089
1710
1979
183
2671
2767
168
3256
102
3333
2620
3603
3613
1727
4263
2178
3316
4077
4151
951
252
3815
2896
1815
867
197
3747
4331
1405
1846
994
3541
3481
723
1453
367
4646
2627
3380
105
3511
3497
2858
1900
4989
3941
4025
397
3989
3404
3244
790
801
1862
3
3803
1359
186
4336
1633
3900
3748
3778
3058
4754
1038
173
4586
2454
2399
4104
1212
2977
1339
2638
1364
3213
1875
1713
745
2086
3769
4357
361
3616
4771
1525
3305
1851
123
4925
3503
2910
3830
846
4295
3829
315
150
3399
745
237
4074
1506
465
487
87
3806
801
133
3769
2009
1925
117
1895
1456
4000
1817
434
1624
1753
408
1211
3557
2969
1428
1114
620
2838
426
3139
1921
358
3427
1756
70
3701
4330
3319
732
2383
2660
1747
1844
1956
1195
3058
749
3279
4096
1501
4188
615
4089
1880
4773
3249
1791
1257
494
2469
3546
2175
3865
3738
1943
558
4556
20
3814
363
3150
4368
3604
1181
2520
2178
3395
706
1095
202
364
729
2413
4771
2763
2081
3311
3124
1710
1475
3252
3340
1821
1091
3838
1198
4556
4968
1738
3946
3308
2677
207
1556
1967
3829
2076
512
3279
2174
3691
3345
4925
4370
1390
472
4299
4785
3056
4551
2950
2207
986
4966
4570
764
2305
2882
2768
1110
3240
4148
4236
1198
1296
3339
858
4742
970
3193
2118
347
3324
4209
4848
3266
430
2876
2202
1579
3404
1842
4901
4052
3629
4094
3526
1180
1619
2482
2038
83
1988
2406
1502
2350
861
3418
613
1367
4548
1244
1054
990
2463
1361
3649
3248
266
283
4168
1198
3238
3826
12
4500
4413
3609
1182
631
708
729
1717
4419
2410
776
308
3317
4639
4641
3911
4609
2367
1562
3809
4821
1392
1155
4642
3110
2662
103
1969
4510
3221
631
1389
287
1506
993
736
761
1276
995
993
34
1892
4128
2398
4609
193
4691
4345
881
930
1448
859
1777
4804
3039
2305
3758
695
4273
3691
79
3646
1953
3589
1758
4518
2665
3033
2500
3210
2605
615
3663
3261
210
2640
3694
2879
1536
1688
2600
3266
2936
141
2341
3109
3038
1645
2397
4241
2016
2785
936
491
2260
4308
3344
80
3169
4039
3464
4449
3127
989
1111
4203
100
4438
2343
3475
4882
4820
1770
4911
1505
4638
2646
1815
2769
1284
2356
1787
1635
4745
1299
4777
2695
1361
4725
2173
4327
4615
2792
1789
2562
313
896
1993
3984
1381
3230
879
936
3223
3149
376
2510
969
2214
1590
3994
4023
4423
2897
1999
4256
2695
3079
8
1907
2916
1156
1868
665
1683
3163
369
3385
2301
3841
4806
2339
3702
980
1375
1805
3159
3442
3734
3289
4056
1819
3080
922
2601
491
969
2001
2634
354
4121
2461
915
1745
501
3122
3662
3656
1982
510
518
4029
4787
4745
4400
4310
2451
4025
326
4496
4734
4122
2957
2158
4745
2072
409
1527
2924
4623
1218
4621
2413
2515
4388
4484
2512
4099
1208
4340
609
3101
3524
1790
673
2573
3970
958
2623
11
2027
1527
3878
953
1190
4619
1724
3315
797
4176
770
537
2171
1534
1300
4558
2307
289
4919
2966
26
3900
2213
4525
2902
969
4896
3369
3316
4090
1546
2522
3789
1901
3615
1765
3729
987
3192
1742
2907
4739
4542
3348
1398
3103
2211
192
2169
4399
2330
4584
3265
4130
2045
4606
58
1012
1724
4957
4321
3996
4444
1815
4732
3542
2383
1602
4516
1594
4201
4978
1621
2189
3878
3389
3259
2504
4727
683
4326
2748
3570
3633
3102
4535
2468
166
312
3383
3999
1374
1343
1751
697
3679
26
376
4571
3256
4746
1094
629
278
1947
1222
3352
1140
1227
2725
3709
1242
3688
4428
3376
1487
2802
282
384
1981
2778
2706
1070
2287
3141
556
4131
963
184
2993
4779
3360
1795
734
4005
854
3563
4045
167
57
3643
2484
3447
2524
2429
1123
2390
2642
3078
1079
3916
2298
2293
3935
619
1265
60
1663
855
1978
510
2566
3716
4322
4109
4754
4632
461
4092
2287
3666
4314
1941
1475
2907
742
4405
1524
4029
2428
286
4308
2640
576
793
1410
4454
960
4186
4607
4229
3202
4016
2835
1644
4171
3614
3013
4715
3332
101
1130
1380
4026
2908
3702
494
3723
3846
3241
826
4246
3656
346
3629
1368
3991
2079
701
403
2269
962
4219
2459
235
648
135
794
4648
2441
3038
2193
862
550
946
589
981
4029
2928
3374
2437
4072
3489
204
4931
3919
2927
184
1593
4267
444
1952
4796
2601
4599
2107
2732
4538
1584
1814
4809
3097
1493
3808
2317
2225
2025
1103
4995
3317
3822
3186
1966
3865
3822
3616
3731
1349
2719
2081
4006
6
2620
412
91
504
1443
4757
3334
154
485
4087
2392
1086
2788
2066
34
208
2115
3429
4885
3342
3070
3304
926
495
3339
509
2095
719
4157
1355
4277
2128
3187
577
2059
4529
2384
3957
562
3102
4409
324
3965
4630
4542
847
4692
4426
2744
1798
157
3452
1709
3083
4601
4228
524
821
1096
4592
712
4525
1124
1896
1185
3219
193
687
4500
590
2120
809
3329
3461
1164
1720
3078
3997
459
2318
3560
951
776
3136
3418
2949
943
2514
4164
893
993
1058
3360
3495
2627
4130
314
3987
3909
1527
1073
531
793
1204
1145
4406
2535
789
100
3781
3402
3538
232
68
393
1465
2058
1843
905
4842
71
3814
1467
2036
3349
2173
299
52
2403
674
3514
3472
1729
3468
2882
79
4246
3343
920
3843
7
2629
2367
3126
4597
4790
217
825
2687
370
3866
4065
3277
2099
3707
779
2951
177
2281
794
1819
3634
413
4954
1557
2826
456
3941
1888
1227
2641
4536
2309
3429
2369
51
3555
1136
3092
4585
3322
2105
1657
275
4683
2361
3765
4506
4724
1047
1631
2286
118
4001
557
4577
2884
4286
4915
4032
4888
957
3031
4202
4579
2684
327
2086
2547
910
4158
1522
3229
1342
1109
3931
2763
4811
2130
305
756
3916
1140
531
387
3904
3577
4075
4620
768
2894
2890
3249
1599
18
2069
1095
4750
219
4646
775
3642
4648
387
399
2054
2621
2386
3108
3770
1132
4691
4441
415
4934
601
2822
1103
1845
2492
527
3105
3918
1099
1774
1501
2919
3001
3825
873
1723
668
732
2474
2264
4122
3724
465
1413
200
147
3360
3826
4594
1148
1174
612
1703
4495
1808
2747
4861
2692
4313
1595
4444
4309
2870
3758
789
1777
271
2782
296
715
1750
4926
1488
1894
3616
4201
2544
1149
2914
1948
4076
3883
1949
4171
2669
3783
3916
2775
3084
2877
3659
2262
3195
245
722
166
873
2152
3404
1638
4868
2185
2510
2202
1383
3200
1654
2692
3301
2745
3441
2249
83
1548
439
3251
2930
3874
4954
4368
4908
2562
988
2212
3861
1947
3885
2479
4265
3098
1841
2437
3750
4393
2431
3758
1833
1129
1131
413
1887
4355
2556
2547
84
1222
4982
1541
677
4019
973
4987
1480
2263
415
2558
4810
3629
4705
3552
1858
862
1587
4214
3188
2060
4535
4947
682
2679
2690
3801
319
611
3119
2390
943
189
3530
2173
1958
4728
3420
4469
232
4952
4020
2630
1340
3866
2635
168
1645
1722
4707
2848
3024
3887
3842
2480
24
4894
2757
3629
4131
2602
3976
3355
1886
1457
4218
225
1127
2225
3427
1779
3610
3294
3008
1726
3457
21
1344
535
3073
1780
2179
4578
4098
46
4238
4590
3996
2505
626
2427
1677
16
337
2521
2361
1253
2435
1573
2811
2401
2982
417
4985
1578
2310
1815
945
4030
438
4326
2098
501
4278
4065
2618
47
2448
753
729
3025
382
254
940
1405
1642
2883
492
1271
4598
1273
931
3822
1053
576
3705
3621
4339
2106
103
4410
1297
4762
4570
101
882
3701
548
1239
3496
3576
1665
2
886
4250
1939
3921
3684
1121
220
2672
1756
4168
14
2996
4993
4025
1045
793
3712
3902
66
2542
1803
596
87
3481
2480
1067
3267
4323
699
1621
997
3069
3838
3930
3800
536
1835
379
2815
3230
4137
47
639
1539
517
2861
43
3889
1539
4906
3969
4367
2453
208
651
2142
4928
2030
227
2760
572
1717
1761
3312
3778
3675
2725
4612
3802
4308
743
2372
1197
4310
379
4127
2514
4545
4110
4135
4413
4294
2081
2244
3078
4606
1360
2658
2361
2938
4396
639
2098
3
2143
1907
217
3141
4785
3864
2560
3556
3086
3008
1201
1619
4076
2955
2357
1346
3631
866
3634
3432
1015
1293
2380
48
1717
723
1187
1957
2582
1955
824
3110
4713
4736
640
1082
234
2401
3649
1313
4408
1562
3340
3059
3529
128
5
3406
3698
1901
271
4068
3608
2514
971
409
1725
807
2145
4936
1970
4710
1512
1776
830
656
4251
2010
28
4514
2563
843
4868
2208
385
1551
269
4825
3961
397
2734
1422
702
1824
333
2262
1133
842
377
688
3570
4099
2620
4812
4789
2749
4548
356
1345
4431
3244
132
3928
1129
4990
350
3933
1456
2534
4887
2436
2413
837
2014
2876
1499
1226
1294
4839
4373
949
814
4675
426
1735
1571
3503
4981
2031
3168
3018
4933
2561
661
2170
4986
844
3088
4823
2183
2434
2975
4387
3542
464
4071
2866
430
1176
4638
720
3123
947
2716
604
3230
1960
759
3983
927
4446
4965
519
4399
1156
3361
4732
2255
4071
959
1678
4402
350
1785
1601
4272
2603
2039
1362
584
4141
4062
1591
4336
227
4158
4684
2113
4810
300
910
740
497
2455
2878
3889
2631
4061
499
3061
654
1603
2002
149
1170
3568
3135
3679
649
4047
4846
1804
4842
3026
4521
3034
4175
305
4366
2170
1337
1965
3050
3826
2201
2818
504
1388
4785
4975
4981
4871
2942
999
4629
1680
255
3279
3794
746
3748
4258
4062
4201
3569
4004
3832
1669
2433
4386
2547
2885
97
3242
3408
4485
2164
2425
980
386
3823
1386
4866
3928
2637
951
2400
2423
1355
3235
4315
3919
1422
3917
1600
3892
2849
2202
2989
1131
140
214
2308
1149
4725
4529
2204
2163
2365
4499
1124
2503
4431
870
739
2339
2901
4069
1587
2315
1103
4801
2128
3676
2268
3364
615
4326
3460
1050
3116
4842
4031
201
3585
1247
3593
1583
2883
2815
4443
4823
2747
100
4698
2651
2088
3639
581
4112
4056
1668
866
2633
4231
497
1290
246
1280
1578
744
4328
2782
2774
2863
327
511
893
1091
2817
2974
310
2826
755
841
4884
289
140
1364
4589
3215
2375
2146
4155
1926
3271
2093
2934
3777
1334
1517
247
3343
3509
1453
4882
2479
4523
1898
295
1800
4799
2671
2539
4691
1871
3622
4577
4019
4720
2214
4167
3465
4092
199
4987
4295
4383
2223
2297
4119
3464
1728
675
1061
1257
1179
2983
1784
1089
4067
3501
159
1595
2521
3743
1686
1433
8
2354
2393
4839
4911
1908
4721
3303
2369
841
50
3864
3830
470
4059
3278
4218
4174
2626
2020
836
240
194
1892
2253
2995
2086
1112
2341
3094
584
2174
2646
1158
2018
3719
1499
1050
2838
2598
4957
4237
2799
2847
4761
4388
952
1625
3399
918
3372
2227
560
4592
940
3296
374
4547
1461
4586
687
415
4305
2154
4027
2407
4175
2255
2969
888
4219
76
4007
1028
2591
919
4590
2739
1840
2780
3697
2269
2832
4813
3522
4729
4937
4525
1442
4720
4437
1370
2207
1132
1225
438
1554
1295
3512
713
2342
2128
3727
403
1688
582
1511
2521
3256
890
1038
3387
3481
438
4200
3109
4652
4740
2835
628
2640
3088
3285
2637
3100
3776
3370
2814
2345
2431
114
3970
1842
4684
3223
2693
2994
2183
1309
1147
3488
3982
1435
620
1429
407
4391
579
4424
1265
1387
3593
4696
3180
664
292
3437
633
1727
198
1796
261
3012
3834
4837
247
4707
3157
726
3901
3301
3030
652
4832
4828
3139
2794
3089
2746
255
3856
2449
3332
2204
1059
1221
4410
4687
624
3410
3590
3029
3314
836
4450
3429
984
3912
1388
1962
4
2757
3606
2006
589
3844
552
2923
813
1411
4642
893
4167
467
4884
4652
1129
3692
768
4270
914
826
740
1255
4359
292
4592
4265
1040
2898
946
658
4077
2413
1747
53
1651
3290
4947
3639
2476
3668
2668
1988
3
463
3209
1320
3374
997
1042
3552
2977
4525
830
1936
851
2224
4826
3922
2730
2727
1728
3672
4888
3978
4415
3265
270
176
204
3729
2018
4705
137
1362
627
4732
1840
2454
3158
3907
4989
2081
2905
3339
2411
4997
4235
22
1363
3878
2927
3702
1793
1218
1552
3121
4727
1645
2435
4679
3899
677
1180
4815
534
4934
2861
1843
1116
464
1049
4960
1793
4408
2547
1417
1637
1212
290
3998
4166
4478
4516
1124
82
2472
1821
3021
4024
909
1642
2220
2426
1363
4659
3640
2288
3355
2398
2072
2009
3931
157
2642
127
4526
2561
315
3828
3753
1750
69
3437
3918
3356
1309
1609
4756
766
4198
132
1700
3777
3736
3208
3164
437
477
2797
3362
3957
1322
786
976
4699
2484
3500
1487
4309
238
3284
1790
1963
3119
798
349
4345
2205
4411
3524
534
879
3240
3237
1445
1334
4843
1109
3744
2011
3913
4252
725
394
1332
4729
2627
1166
2630
1151
1058
509
4393
1619
3111
710
3147
1984
308
2530
4499
470
4634
4727
280
961
3238
4755
2180
4448
2038
1463
2716
2040
4229
597
3130
4210
3691
2751
4764
4862
2559
4945
4233
4175
342
2183
3483
2433
2962
3311
447
1178
4497
2466
3363
732
6
4949
1081
3408
846
500
4368
3483
2162
2929
3627
1540
3474
468
1714
1177
4927
3884
270
1241
1428
4988
2574
482
3490
826
2809
4309
1828
3937
1076
3949
1007
3302
2997
2812
3940
4102
3955
4082
496
3877
61
4051
1603
1177
1138
2256
2359
4651
2702
2820
1028
1503
3778
4559
2453
3689
362
3928
4722
4391
4543
3230
4237
265
1456
4293
1589
3630
3143
2398
1515
3220
3439
2992
4317
2949
2224
1079
3698
2984
557
2545
1697
459
4656
3545
3292
1258
298
4331
3238
3757
806
1952
2970
2532
3692
4999
2371
2072
1945
2468
4690
1878
2725
1654
2241
1779
2557
745
1739
3476
3597
533
4434
4284
1728
1263
1294
1651
233
4176
2593
2787
968
1297
220
4435
4349
3758
1414
2019
3308
4932
1825
2166
4538
2959
4179
1703
2057
3970
1051
3119
792
3304
3575
4286
947
3487
3267
4358
242
442
4662
460
704
4318
1709
1379
3206
1307
2735
1376
3756
2306
4109
2666
1830
3791
936
2714
924
745
3436
2003
481
1078
2271
215
1685
3937
3354
248
988
5000
4045
3202
1295
204
1169
48
906
136
2926
2309
620
4135
4705
3319
373
4396
1759
2780
4672
865
1932
2256
4390
3735
1884
3092
3532
1530
4563
1009
1928
449
626
4545
4988
803
3383
4609
1436
4295
470
3062
4441
3366
3894
132
2226
2626
1321
2115
348
3812
3332
3424
4188
1137
3502
516
3638
873
110
4402
3880
1644
3592
519
2112
4047
3555
848
3722
862
2428
4160
528
833
3368
1625
3627
4171
544
3388
3794
2845
619
573
2178
4782
4098
2846
1105
2911
282
4456
1453
343
4309
1655
743
3359
1758
307
4260
1278
3499
2188
69
131
4884
4051
2387
3489
4217
3011
709
3944
4967
1776
1274
2757
2959
1387
2213
668
4281
4153
2337
4339
1808
1522
4481
2186
2434
3151
549
4552
4031
2381
4549
1899
3256
3570
1863
4856
694
1986
1400
544
3445
237
3212
1897
1180
1306
2826
3779
4332
183
2968
3066
4173
2936
1742
1989
4105
630
2383
859
3548
2756
724
2715
61
3313
253
4501
1460
3164
1501
395
985
3186
659
1448
4429
293
3963
4919
36
76
4876
1789
3489
3899
2485
3745
870
4564
1215
1912
3710
441
2065
3844
4939
2331
366
649
2902
4885
622
2312
3660
4954
2039
3427
3659
1658
3584
750
1765
3050
4127
913
3938
1872
2140
3897
425
1916
2638
112
2621
405
2451
1087
2876
3621
378
4654
2042
3451
2535
2918
3060
3002
35
3600
2698
677
1438
557
2035
1762
4171
432
4837
4741
3013
971
3517
2160
2273
213
1495
1894
805
2166
832
2206
3809
2841
570
3091
1854
1954
2608
2588
3283
4366
1080
251
4020
1206
3799
3787
216
2240
4580
2680
4935
3858
133
4541
3586
1763
3508
1042
2184
3253
2528
575
3349
4768
2787
1670
4322
1757
3325
2739
2106
4575
251
1047
1457
4916
2589
1485
4004
3646
3747
3293
735
862
2653
4658
4646
2142
1992
2115
656
3491
4927
2624
786
3810
367
2526
4121
4294
1146
4783
702
1067
2677
3896
328
1828
671
3983
2570
473
2826
4521
2442
2837
3754
966
136
3400
1067
1352
3191
2702
2646
3468
2591
1392
41
4273
2354
1630
1595
2898
1968
3039
4591
2409
3075
2790
889
4723
2753
2479
3641
2391
563
1194
486
4915
4484
3411
3635
580
3635
2974
91
4082
234
1235
2507
97
2722
820
293
1633
2840
2042
1805
4395
4618
831
3166
2194
1066
3389
1187
2354
683
3675
4941
4840
2080
4645
2553
977
3103
2864
430
237
3811
3034
4730
13
3356
1650
2009
24
4823
2123
2855
4971
3244
518
2107
498
1412
412
4334
3197
878
4461
3785
352
1122
170
3593
175
2730
1725
1915
2841
3940
231
397
4513
4576
1733
3045
2532
3801
469
2831
3519
2384
4021
1367
862
3292
2586
4904
817
2033
3865
2919
709
3935
2202
734
1323
1291
2965
1024
611
4839
4788
3798
4921
3856
2637
4894
282
452
2267
106
2008
147
338
3112
2510
1738
322
1527
3931
167
4380
1989
4027
4890
183
2859
2165
4064
2153
2753
1553
2508
3040
4051
3230
1248
1749
3682
4101
4737
1158
1517
173
1677
1547
229
2938
2779
2806
2033
357
581
4238
1454
2903
1521
4496
1430
3206
844
2752
4909
1995
4184
178
2426
4061
3172
2791
1183
1972
4725
971
1111
553
1576
2482
3708
4884
294
2961
2225
4629
4268
1757
4665
2403
787
3790
3060
3280
4713
547
873
4860
1453
